Input file: /Users/xutianle/Desktop/Stimuli/Andrew_Raw_Sounds/BF Sound 4.wav	Stim Type: reg	Input length: 1657 samples
Target IOI: 0.0810 s	Actual Avg IOI: 0.08100 s (3572.00000 samp)
Interval StdDev: 0.00000 s (0.00000 samp)	Max deviation: 0.0500 s	Min std dev: 0.00100 s
Gap Noise:

Interval (samp)	Interval (s)	Start Time (s)
        3572	0.08099773	0.08099773
        3572	0.08099773	0.16199546
        3572	0.08099773	0.24299320
        3572	0.08099773	0.32399093
        3572	0.08099773	0.40498866
        3572	0.08099773	0.48598639
        3572	0.08099773	0.56698413
        3572	0.08099773	0.64798186
        3572	0.08099773	0.72897959
        3572	0.08099773	0.80997732
        3572	0.08099773	0.89097506
        3572	0.08099773	0.97197279
        3572	0.08099773	1.05297052
        3572	0.08099773	1.13396825
        3572	0.08099773	1.21496599
        3572	0.08099773	1.29596372
        3572	0.08099773	1.37696145
        3572	0.08099773	1.45795918
        3572	0.08099773	1.53895692
        3572	0.08099773	1.61995465
        3572	0.08099773	1.70095238
        3572	0.08099773	1.78195011
        3572	0.08099773	1.86294785
        3572	0.08099773	1.94394558
        3572	0.08099773	2.02494331
        3572	0.08099773	2.10594104
        3572	0.08099773	2.18693878
        3572	0.08099773	2.26793651
        3572	0.08099773	2.34893424
        3572	0.08099773	2.42993197
