Input file: /Users/xutianle/Desktop/Stimuli/Andrew_Raw_Sounds/BF Sound 4.wav	Stim Type: reg	Input length: 1657 samples
Target IOI: 0.0600 s	Actual Avg IOI: 0.06000 s (2646.00000 samp)
Interval StdDev: 0.00000 s (0.00000 samp)	Max deviation: 0.0500 s	Min std dev: 0.00001 s
Gap Noise:

Interval (samp)	Interval (s)	Start Time (s)
        2646	0.06000000	0.06000000
        2646	0.06000000	0.12000000
        2646	0.06000000	0.18000000
        2646	0.06000000	0.24000000
        2646	0.06000000	0.30000000
        2646	0.06000000	0.36000000
        2646	0.06000000	0.42000000
        2646	0.06000000	0.48000000
        2646	0.06000000	0.54000000
        2646	0.06000000	0.60000000
        2646	0.06000000	0.66000000
        2646	0.06000000	0.72000000
        2646	0.06000000	0.78000000
        2646	0.06000000	0.84000000
        2646	0.06000000	0.90000000
        2646	0.06000000	0.96000000
        2646	0.06000000	1.02000000
        2646	0.06000000	1.08000000
        2646	0.06000000	1.14000000
        2646	0.06000000	1.20000000
        2646	0.06000000	1.26000000
        2646	0.06000000	1.32000000
        2646	0.06000000	1.38000000
        2646	0.06000000	1.44000000
        2646	0.06000000	1.50000000
        2646	0.06000000	1.56000000
        2646	0.06000000	1.62000000
        2646	0.06000000	1.68000000
        2646	0.06000000	1.74000000
        2646	0.06000000	1.80000000
        2646	0.06000000	1.86000000
        2646	0.06000000	1.92000000
        2646	0.06000000	1.98000000
        2646	0.06000000	2.04000000
        2646	0.06000000	2.10000000
        2646	0.06000000	2.16000000
        2646	0.06000000	2.22000000
        2646	0.06000000	2.28000000
        2646	0.06000000	2.34000000
        2646	0.06000000	2.40000000
        2646	0.06000000	2.46000000
