Input file: /Users/xutianle/Desktop/Stimuli/Andrew_Raw_Sounds/BF Sound 4.wav	Stim Type: ir	Input length: 1657 samples
Target IOI: 0.0850 s	Actual Avg IOI: 0.08501 s (3749.00000 samp)
Interval StdDev: 0.02548 s (1123.67684 samp)	Max deviation: 0.0500 s	Min std dev: 0.00100 s
Gap Noise:

Interval (samp)	Interval (s)	Start Time (s)
        3074	0.06970522	0.06970522
        2628	0.05959184	0.12929705
        4387	0.09947846	0.22877551
        5061	0.11476190	0.34353741
        2254	0.05111111	0.39464853
        5184	0.11755102	0.51219955
        3989	0.09045351	0.60265306
        3133	0.07104308	0.67369615
        3361	0.07621315	0.74990930
        2785	0.06315193	0.81306122
        4901	0.11113379	0.92419501
        4696	0.10648526	1.03068027
        1716	0.03891156	1.06959184
        2588	0.05868481	1.12827664
        2565	0.05816327	1.18643991
        2821	0.06396825	1.25040816
        4927	0.11172336	1.36213152
        5139	0.11653061	1.47866213
        4192	0.09505669	1.57371882
        2979	0.06755102	1.64126984
        3772	0.08553288	1.72680272
        3937	0.08927438	1.81607710
        3419	0.07752834	1.89360544
        4890	0.11088435	2.00448980
        5359	0.12151927	2.12600907
        4684	0.10621315	2.23222222
        1950	0.04421769	2.27643991
        5416	0.12281179	2.39925170
        2914	0.06607710	2.46532880
