Input file: /Users/xutianle/Desktop/Stimuli/Andrew_Raw_Sounds/BF Sound 4.wav	Stim Type: ir	Input length: 1657 samples
Target IOI: 0.0620 s	Actual Avg IOI: 0.06200 s (2734.02500 samp)
Interval StdDev: 0.01397 s (616.13887 samp)	Max deviation: 0.0500 s	Min std dev: 0.00001 s
Gap Noise:

Interval (samp)	Interval (s)	Start Time (s)
        1956	0.04435374	0.04435374
        2101	0.04764172	0.09199546
        2359	0.05349206	0.14548753
        3327	0.07544218	0.22092971
        2253	0.05108844	0.27201814
        1929	0.04374150	0.31575964
        2193	0.04972789	0.36548753
        2020	0.04580499	0.41129252
        3533	0.08011338	0.49140590
        3445	0.07811791	0.56952381
        3282	0.07442177	0.64394558
        2594	0.05882086	0.70276644
        2432	0.05514739	0.75791383
        2768	0.06276644	0.82068027
        3189	0.07231293	0.89299320
        2815	0.06383220	0.95682540
        3207	0.07272109	1.02954649
        1808	0.04099773	1.07054422
        1863	0.04224490	1.11278912
        3492	0.07918367	1.19197279
        3737	0.08473923	1.27671202
        1952	0.04426304	1.32097506
        3633	0.08238095	1.40335601
        2988	0.06775510	1.47111111
        3176	0.07201814	1.54312925
        2179	0.04941043	1.59253968
        2947	0.06682540	1.65936508
        2391	0.05421769	1.71358277
        2867	0.06501134	1.77859410
        3308	0.07501134	1.85360544
        1814	0.04113379	1.89473923
        3214	0.07287982	1.96761905
        3463	0.07852608	2.04614512
        1889	0.04283447	2.08897959
        3454	0.07832200	2.16730159
        2665	0.06043084	2.22773243
        3679	0.08342404	2.31115646
        2441	0.05535147	2.36650794
        2535	0.05748299	2.42399093
        2463	0.05585034	2.47984127
