Input file: /Users/xutianle/Desktop/Stimuli/Andrew_Raw_Sounds/BF Sound 4.wav	Stim Type: ir	Input length: 1657 samples
Target IOI: 0.0710 s	Actual Avg IOI: 0.07100 s (3131.00000 samp)
Interval StdDev: 0.01988 s (876.80255 samp)	Max deviation: 0.0500 s	Min std dev: 0.00001 s
Gap Noise:

Interval (samp)	Interval (s)	Start Time (s)
        2835	0.06428571	0.06428571
        2963	0.06718821	0.13147392
        1796	0.04072562	0.17219955
        4548	0.10312925	0.27532880
        2258	0.05120181	0.32653061
        4468	0.10131519	0.42784580
        1833	0.04156463	0.46941043
        2568	0.05823129	0.52764172
        3029	0.06868481	0.59632653
        4516	0.10240363	0.69873016
        3090	0.07006803	0.76879819
        2801	0.06351474	0.83231293
        3436	0.07791383	0.91022676
        2890	0.06553288	0.97575964
        4390	0.09954649	1.07530612
        3727	0.08451247	1.15981859
        2976	0.06748299	1.22730159
        3255	0.07380952	1.30111111
        3211	0.07281179	1.37392290
        4149	0.09408163	1.46800454
        1802	0.04086168	1.50886621
        1844	0.04181406	1.55068027
        2771	0.06283447	1.61351474
        4169	0.09453515	1.70804989
        2879	0.06528345	1.77333333
        2247	0.05095238	1.82428571
        2027	0.04596372	1.87024943
        2781	0.06306122	1.93331066
        3187	0.07226757	2.00557823
        4467	0.10129252	2.10687075
        4208	0.09541950	2.20229025
        3919	0.08886621	2.29115646
        2284	0.05179138	2.34294785
        3957	0.08972789	2.43267574
        2304	0.05224490	2.48492063
