Input file: /Users/xutianle/Desktop/Stimuli/Andrew_Raw_Sounds/BF Sound 4.wav	Stim Type: reg	Input length: 1657 samples
Target IOI: 0.0680 s	Actual Avg IOI: 0.06800 s (2999.00000 samp)
Interval StdDev: 0.00000 s (0.00000 samp)	Max deviation: 0.0500 s	Min std dev: 0.00001 s
Gap Noise:

Interval (samp)	Interval (s)	Start Time (s)
        2999	0.06800454	0.06800454
        2999	0.06800454	0.13600907
        2999	0.06800454	0.20401361
        2999	0.06800454	0.27201814
        2999	0.06800454	0.34002268
        2999	0.06800454	0.40802721
        2999	0.06800454	0.47603175
        2999	0.06800454	0.54403628
        2999	0.06800454	0.61204082
        2999	0.06800454	0.68004535
        2999	0.06800454	0.74804989
        2999	0.06800454	0.81605442
        2999	0.06800454	0.88405896
        2999	0.06800454	0.95206349
        2999	0.06800454	1.02006803
        2999	0.06800454	1.08807256
        2999	0.06800454	1.15607710
        2999	0.06800454	1.22408163
        2999	0.06800454	1.29208617
        2999	0.06800454	1.36009070
        2999	0.06800454	1.42809524
        2999	0.06800454	1.49609977
        2999	0.06800454	1.56410431
        2999	0.06800454	1.63210884
        2999	0.06800454	1.70011338
        2999	0.06800454	1.76811791
        2999	0.06800454	1.83612245
        2999	0.06800454	1.90412698
        2999	0.06800454	1.97213152
        2999	0.06800454	2.04013605
        2999	0.06800454	2.10814059
        2999	0.06800454	2.17614512
        2999	0.06800454	2.24414966
        2999	0.06800454	2.31215420
        2999	0.06800454	2.38015873
        2999	0.06800454	2.44816327
