Input file: /Users/xutianle/Desktop/Stimuli/Andrew_Raw_Sounds/BF Sound 4.wav	Stim Type: ir	Input length: 1657 samples
Target IOI: 0.0820 s	Actual Avg IOI: 0.08200 s (3616.00000 samp)
Interval StdDev: 0.02630 s (1159.61471 samp)	Max deviation: 0.0500 s	Min std dev: 0.00100 s
Gap Noise:

Interval (samp)	Interval (s)	Start Time (s)
        1781	0.04038549	0.04038549
        2857	0.06478458	0.10517007
        3686	0.08358277	0.18875283
        3521	0.07984127	0.26859410
        3309	0.07503401	0.34362812
        4582	0.10390023	0.44752834
        3771	0.08551020	0.53303855
        3747	0.08496599	0.61800454
        4171	0.09458050	0.71258503
        3817	0.08655329	0.79913832
        3447	0.07816327	0.87730159
        5110	0.11587302	0.99317460
        2237	0.05072562	1.04390023
        5534	0.12548753	1.16938776
        2452	0.05560091	1.22498866
        2375	0.05385488	1.27884354
        1892	0.04290249	1.32174603
        1849	0.04192744	1.36367347
        5426	0.12303855	1.48671202
        4226	0.09582766	1.58253968
        4413	0.10006803	1.68260771
        1660	0.03764172	1.72024943
        2841	0.06442177	1.78467120
        5457	0.12374150	1.90841270
        4415	0.10011338	2.00852608
        5163	0.11707483	2.12560091
        3529	0.08002268	2.20562358
        2842	0.06444444	2.27006803
        4636	0.10512472	2.37519274
        3734	0.08467120	2.45986395
