Input file: /Users/xutianle/Desktop/Stimuli/Andrew_Raw_Sounds/BF Sound 4.wav	Stim Type: ir	Input length: 1657 samples
Target IOI: 0.0740 s	Actual Avg IOI: 0.07399 s (3262.96970 samp)
Interval StdDev: 0.02228 s (982.47441 samp)	Max deviation: 0.0500 s	Min std dev: 0.00001 s
Gap Noise:

Interval (samp)	Interval (s)	Start Time (s)
        4553	0.10324263	0.10324263
        3202	0.07260771	0.17585034
        2399	0.05439909	0.23024943
        2260	0.05124717	0.28149660
        2072	0.04698413	0.32848073
        3805	0.08628118	0.41476190
        2939	0.06664399	0.48140590
        4460	0.10113379	0.58253968
        2614	0.05927438	0.64181406
        1895	0.04297052	0.68478458
        2335	0.05294785	0.73773243
        4619	0.10473923	0.84247166
        4071	0.09231293	0.93478458
        3635	0.08242630	1.01721088
        2163	0.04904762	1.06625850
        4842	0.10979592	1.17605442
        4364	0.09895692	1.27501134
        1990	0.04512472	1.32013605
        4174	0.09464853	1.41478458
        2085	0.04727891	1.46206349
        4198	0.09519274	1.55725624
        4064	0.09215420	1.64941043
        3722	0.08439909	1.73380952
        1687	0.03825397	1.77206349
        3998	0.09065760	1.86272109
        3629	0.08229025	1.94501134
        3973	0.09009070	2.03510204
        2327	0.05276644	2.08786848
        2993	0.06786848	2.15573696
        3959	0.08977324	2.24551020
        2872	0.06512472	2.31063492
        1788	0.04054422	2.35117914
        3991	0.09049887	2.44167800
