Input file: /Users/xutianle/Desktop/Stimuli/Andrew_Raw_Sounds/BF Sound 4.wav	Stim Type: ir	Input length: 1657 samples
Target IOI: 0.0860 s	Actual Avg IOI: 0.08601 s (3792.96552 samp)
Interval StdDev: 0.02813 s (1240.37219 samp)	Max deviation: 0.0500 s	Min std dev: 0.00100 s
Gap Noise:

Interval (samp)	Interval (s)	Start Time (s)
        4545	0.10306122	0.10306122
        5836	0.13233560	0.23539683
        4135	0.09376417	0.32916100
        3247	0.07362812	0.40278912
        3374	0.07650794	0.47929705
        4777	0.10832200	0.58761905
        3022	0.06852608	0.65614512
        4245	0.09625850	0.75240363
        5012	0.11365079	0.86605442
        3639	0.08251701	0.94857143
        3294	0.07469388	1.02326531
        5223	0.11843537	1.14170068
        1753	0.03975057	1.18145125
        4312	0.09777778	1.27922902
        2708	0.06140590	1.34063492
        1996	0.04526077	1.38589569
        2671	0.06056689	1.44646259
        4966	0.11260771	1.55907029
        2073	0.04700680	1.60607710
        4175	0.09467120	1.70074830
        3920	0.08888889	1.78963719
        5658	0.12829932	1.91793651
        2011	0.04560091	1.96353741
        1657	0.03757370	2.00111111
        4652	0.10548753	2.10659864
        5907	0.13394558	2.24054422
        4283	0.09712018	2.33766440
        4040	0.09160998	2.42927438
        2865	0.06496599	2.49424036
