Input file: /Users/xutianle/Desktop/Stimuli/Andrew_Raw_Sounds/BF Sound 4.wav	Stim Type: reg	Input length: 1657 samples
Target IOI: 0.0720 s	Actual Avg IOI: 0.07200 s (3175.00000 samp)
Interval StdDev: 0.00000 s (0.00000 samp)	Max deviation: 0.0500 s	Min std dev: 0.00001 s
Gap Noise:

Interval (samp)	Interval (s)	Start Time (s)
        3175	0.07199546	0.07199546
        3175	0.07199546	0.14399093
        3175	0.07199546	0.21598639
        3175	0.07199546	0.28798186
        3175	0.07199546	0.35997732
        3175	0.07199546	0.43197279
        3175	0.07199546	0.50396825
        3175	0.07199546	0.57596372
        3175	0.07199546	0.64795918
        3175	0.07199546	0.71995465
        3175	0.07199546	0.79195011
        3175	0.07199546	0.86394558
        3175	0.07199546	0.93594104
        3175	0.07199546	1.00793651
        3175	0.07199546	1.07993197
        3175	0.07199546	1.15192744
        3175	0.07199546	1.22392290
        3175	0.07199546	1.29591837
        3175	0.07199546	1.36791383
        3175	0.07199546	1.43990930
        3175	0.07199546	1.51190476
        3175	0.07199546	1.58390023
        3175	0.07199546	1.65589569
        3175	0.07199546	1.72789116
        3175	0.07199546	1.79988662
        3175	0.07199546	1.87188209
        3175	0.07199546	1.94387755
        3175	0.07199546	2.01587302
        3175	0.07199546	2.08786848
        3175	0.07199546	2.15986395
        3175	0.07199546	2.23185941
        3175	0.07199546	2.30385488
        3175	0.07199546	2.37585034
        3175	0.07199546	2.44784580
