Input file: /Users/xutianle/Desktop/Stimuli/Andrew_Raw_Sounds/BF Sound 4.wav	Stim Type: ir	Input length: 1657 samples
Target IOI: 0.0550 s	Actual Avg IOI: 0.05501 s (2426.00000 samp)
Interval StdDev: 0.01005 s (443.40593 samp)	Max deviation: 0.0500 s	Min std dev: 0.00001 s
Gap Noise:

Interval (samp)	Interval (s)	Start Time (s)
        2940	0.06666667	0.06666667
        2286	0.05183673	0.11850340
        2340	0.05306122	0.17156463
        1947	0.04414966	0.21571429
        2129	0.04827664	0.26399093
        2958	0.06707483	0.33106576
        1802	0.04086168	0.37192744
        1962	0.04448980	0.41641723
        2820	0.06394558	0.48036281
        1834	0.04158730	0.52195011
        2364	0.05360544	0.57555556
        2455	0.05566893	0.63122449
        3152	0.07147392	0.70269841
        2102	0.04766440	0.75036281
        2834	0.06426304	0.81462585
        2698	0.06117914	0.87580499
        3188	0.07229025	0.94809524
        2086	0.04730159	0.99539683
        2006	0.04548753	1.04088435
        1720	0.03900227	1.07988662
        1806	0.04095238	1.12083900
        2351	0.05331066	1.17414966
        1981	0.04492063	1.21907029
        2272	0.05151927	1.27058957
        2440	0.05532880	1.32591837
        1666	0.03777778	1.36369615
        2165	0.04909297	1.41278912
        2467	0.05594104	1.46873016
        3190	0.07233560	1.54106576
        2873	0.06514739	1.60621315
        2500	0.05668934	1.66290249
        2971	0.06736961	1.73027211
        2869	0.06505669	1.79532880
        2361	0.05353741	1.84886621
        1876	0.04253968	1.89140590
        2684	0.06086168	1.95226757
        1892	0.04290249	1.99517007
        2575	0.05839002	2.05356009
        2978	0.06752834	2.12108844
        2613	0.05925170	2.18034014
        2864	0.06494331	2.24528345
        2865	0.06496599	2.31024943
        2857	0.06478458	2.37503401
        2515	0.05702948	2.43206349
        1916	0.04344671	2.47551020
