Input file: /Users/xutianle/Desktop/Stimuli/Andrew_Raw_Sounds/BF Sound 4.wav	Stim Type: ir	Input length: 1657 samples
Target IOI: 0.0830 s	Actual Avg IOI: 0.08299 s (3660.00000 samp)
Interval StdDev: 0.02628 s (1159.11408 samp)	Max deviation: 0.0500 s	Min std dev: 0.00100 s
Gap Noise:

Interval (samp)	Interval (s)	Start Time (s)
        2426	0.05501134	0.05501134
        4393	0.09961451	0.15462585
        2766	0.06272109	0.21734694
        4787	0.10854875	0.32589569
        3495	0.07925170	0.40514739
        5025	0.11394558	0.51909297
        5348	0.12126984	0.64036281
        5039	0.11426304	0.75462585
        5656	0.12825397	0.88287982
        3306	0.07496599	0.95784580
        3128	0.07092971	1.02877551
        3566	0.08086168	1.10963719
        2333	0.05290249	1.16253968
        4387	0.09947846	1.26201814
        2488	0.05641723	1.31843537
        2272	0.05151927	1.36995465
        4758	0.10789116	1.47784580
        5302	0.12022676	1.59807256
        1854	0.04204082	1.64011338
        3023	0.06854875	1.70866213
        2971	0.06736961	1.77603175
        3272	0.07419501	1.85022676
        4313	0.09780045	1.94802721
        3742	0.08485261	2.03287982
        5377	0.12192744	2.15480726
        2049	0.04646259	2.20126984
        2018	0.04575964	2.24702948
        3495	0.07925170	2.32628118
        4412	0.10004535	2.42632653
        2799	0.06346939	2.48979592
