Input file: /Users/xutianle/Desktop/Stimuli/Andrew_Raw_Sounds/BF Sound 4.wav	Stim Type: reg	Input length: 1657 samples
Target IOI: 0.0460 s	Actual Avg IOI: 0.04600 s (2029.00000 samp)
Interval StdDev: 0.00000 s (0.00000 samp)	Max deviation: 0.0500 s	Min std dev: 0.00001 s
Gap Noise:

Interval (samp)	Interval (s)	Start Time (s)
        2029	0.04600907	0.04600907
        2029	0.04600907	0.09201814
        2029	0.04600907	0.13802721
        2029	0.04600907	0.18403628
        2029	0.04600907	0.23004535
        2029	0.04600907	0.27605442
        2029	0.04600907	0.32206349
        2029	0.04600907	0.36807256
        2029	0.04600907	0.41408163
        2029	0.04600907	0.46009070
        2029	0.04600907	0.50609977
        2029	0.04600907	0.55210884
        2029	0.04600907	0.59811791
        2029	0.04600907	0.64412698
        2029	0.04600907	0.69013605
        2029	0.04600907	0.73614512
        2029	0.04600907	0.78215420
        2029	0.04600907	0.82816327
        2029	0.04600907	0.87417234
        2029	0.04600907	0.92018141
        2029	0.04600907	0.96619048
        2029	0.04600907	1.01219955
        2029	0.04600907	1.05820862
        2029	0.04600907	1.10421769
        2029	0.04600907	1.15022676
        2029	0.04600907	1.19623583
        2029	0.04600907	1.24224490
        2029	0.04600907	1.28825397
        2029	0.04600907	1.33426304
        2029	0.04600907	1.38027211
        2029	0.04600907	1.42628118
        2029	0.04600907	1.47229025
        2029	0.04600907	1.51829932
        2029	0.04600907	1.56430839
        2029	0.04600907	1.61031746
        2029	0.04600907	1.65632653
        2029	0.04600907	1.70233560
        2029	0.04600907	1.74834467
        2029	0.04600907	1.79435374
        2029	0.04600907	1.84036281
        2029	0.04600907	1.88637188
        2029	0.04600907	1.93238095
        2029	0.04600907	1.97839002
        2029	0.04600907	2.02439909
        2029	0.04600907	2.07040816
        2029	0.04600907	2.11641723
        2029	0.04600907	2.16242630
        2029	0.04600907	2.20843537
        2029	0.04600907	2.25444444
        2029	0.04600907	2.30045351
        2029	0.04600907	2.34646259
        2029	0.04600907	2.39247166
        2029	0.04600907	2.43848073
        2029	0.04600907	2.48448980
