Input file: /Users/xutianle/Desktop/Stimuli/Andrew_Raw_Sounds/BF Sound 4.wav	Stim Type: ir	Input length: 1657 samples
Target IOI: 0.0670 s	Actual Avg IOI: 0.06701 s (2954.97297 samp)
Interval StdDev: 0.01802 s (794.87195 samp)	Max deviation: 0.0500 s	Min std dev: 0.00001 s
Gap Noise:

Interval (samp)	Interval (s)	Start Time (s)
        3985	0.09036281	0.09036281
        3971	0.09004535	0.18040816
        2080	0.04716553	0.22757370
        2306	0.05229025	0.27986395
        3628	0.08226757	0.36213152
        1833	0.04156463	0.40369615
        4017	0.09108844	0.49478458
        2073	0.04700680	0.54179138
        1679	0.03807256	0.57986395
        2149	0.04873016	0.62859410
        3635	0.08242630	0.71102041
        4015	0.09104308	0.80206349
        2049	0.04646259	0.84852608
        3876	0.08789116	0.93641723
        1856	0.04208617	0.97850340
        2479	0.05621315	1.03471655
        3479	0.07888889	1.11360544
        3901	0.08845805	1.20206349
        3227	0.07317460	1.27523810
        3302	0.07487528	1.35011338
        2970	0.06734694	1.41746032
        3454	0.07832200	1.49578231
        2012	0.04562358	1.54140590
        3575	0.08106576	1.62247166
        3039	0.06891156	1.69138322
        1910	0.04331066	1.73469388
        3010	0.06825397	1.80294785
        3883	0.08804989	1.89099773
        2752	0.06240363	1.95340136
        2045	0.04637188	1.99977324
        3960	0.08979592	2.08956916
        2363	0.05358277	2.14315193
        3139	0.07117914	2.21433107
        2133	0.04836735	2.26269841
        2954	0.06698413	2.32968254
        3952	0.08961451	2.41929705
        2643	0.05993197	2.47922902
