Input file: /Users/xutianle/Desktop/Stimuli/Andrew_Raw_Sounds/BF Sound 4.wav	Stim Type: reg	Input length: 1657 samples
Target IOI: 0.0560 s	Actual Avg IOI: 0.05600 s (2470.00000 samp)
Interval StdDev: 0.00000 s (0.00000 samp)	Max deviation: 0.0500 s	Min std dev: 0.00001 s
Gap Noise:

Interval (samp)	Interval (s)	Start Time (s)
        2470	0.05600907	0.05600907
        2470	0.05600907	0.11201814
        2470	0.05600907	0.16802721
        2470	0.05600907	0.22403628
        2470	0.05600907	0.28004535
        2470	0.05600907	0.33605442
        2470	0.05600907	0.39206349
        2470	0.05600907	0.44807256
        2470	0.05600907	0.50408163
        2470	0.05600907	0.56009070
        2470	0.05600907	0.61609977
        2470	0.05600907	0.67210884
        2470	0.05600907	0.72811791
        2470	0.05600907	0.78412698
        2470	0.05600907	0.84013605
        2470	0.05600907	0.89614512
        2470	0.05600907	0.95215420
        2470	0.05600907	1.00816327
        2470	0.05600907	1.06417234
        2470	0.05600907	1.12018141
        2470	0.05600907	1.17619048
        2470	0.05600907	1.23219955
        2470	0.05600907	1.28820862
        2470	0.05600907	1.34421769
        2470	0.05600907	1.40022676
        2470	0.05600907	1.45623583
        2470	0.05600907	1.51224490
        2470	0.05600907	1.56825397
        2470	0.05600907	1.62426304
        2470	0.05600907	1.68027211
        2470	0.05600907	1.73628118
        2470	0.05600907	1.79229025
        2470	0.05600907	1.84829932
        2470	0.05600907	1.90430839
        2470	0.05600907	1.96031746
        2470	0.05600907	2.01632653
        2470	0.05600907	2.07233560
        2470	0.05600907	2.12834467
        2470	0.05600907	2.18435374
        2470	0.05600907	2.24036281
        2470	0.05600907	2.29637188
        2470	0.05600907	2.35238095
        2470	0.05600907	2.40839002
        2470	0.05600907	2.46439909
