Input file: /Users/xutianle/Desktop/Stimuli/Andrew_Raw_Sounds/BF Sound 4.wav	Stim Type: ir	Input length: 1657 samples
Target IOI: 0.0730 s	Actual Avg IOI: 0.07299 s (3219.00000 samp)
Interval StdDev: 0.02295 s (1012.04210 samp)	Max deviation: 0.0500 s	Min std dev: 0.00001 s
Gap Noise:

Interval (samp)	Interval (s)	Start Time (s)
        4132	0.09369615	0.09369615
        2223	0.05040816	0.14410431
        2435	0.05521542	0.19931973
        4631	0.10501134	0.30433107
        1797	0.04074830	0.34507937
        1916	0.04344671	0.38852608
        4424	0.10031746	0.48884354
        4701	0.10659864	0.59544218
        2468	0.05596372	0.65140590
        3071	0.06963719	0.72104308
        4434	0.10054422	0.82158730
        2103	0.04768707	0.86927438
        2112	0.04789116	0.91716553
        4282	0.09709751	1.01426304
        4246	0.09628118	1.11054422
        4401	0.09979592	1.21034014
        2011	0.04560091	1.25594104
        4666	0.10580499	1.36174603
        2701	0.06124717	1.42299320
        3186	0.07224490	1.49523810
        4487	0.10174603	1.59698413
        2355	0.05340136	1.65038549
        4133	0.09371882	1.74410431
        2696	0.06113379	1.80523810
        2358	0.05346939	1.85870748
        3666	0.08312925	1.94183673
        2188	0.04961451	1.99145125
        2413	0.05471655	2.04616780
        4042	0.09165533	2.13782313
        1733	0.03929705	2.17712018
        3425	0.07766440	2.25478458
        2722	0.06172336	2.31650794
        3193	0.07240363	2.38891156
        4095	0.09285714	2.48176871
