Input file: /Users/xutianle/Desktop/Stimuli/Andrew_Raw_Sounds/BF Sound 4.wav	Stim Type: reg	Input length: 1657 samples
Target IOI: 0.0540 s	Actual Avg IOI: 0.05400 s (2381.00000 samp)
Interval StdDev: 0.00000 s (0.00000 samp)	Max deviation: 0.0500 s	Min std dev: 0.00001 s
Gap Noise:

Interval (samp)	Interval (s)	Start Time (s)
        2381	0.05399093	0.05399093
        2381	0.05399093	0.10798186
        2381	0.05399093	0.16197279
        2381	0.05399093	0.21596372
        2381	0.05399093	0.26995465
        2381	0.05399093	0.32394558
        2381	0.05399093	0.37793651
        2381	0.05399093	0.43192744
        2381	0.05399093	0.48591837
        2381	0.05399093	0.53990930
        2381	0.05399093	0.59390023
        2381	0.05399093	0.64789116
        2381	0.05399093	0.70188209
        2381	0.05399093	0.75587302
        2381	0.05399093	0.80986395
        2381	0.05399093	0.86385488
        2381	0.05399093	0.91784580
        2381	0.05399093	0.97183673
        2381	0.05399093	1.02582766
        2381	0.05399093	1.07981859
        2381	0.05399093	1.13380952
        2381	0.05399093	1.18780045
        2381	0.05399093	1.24179138
        2381	0.05399093	1.29578231
        2381	0.05399093	1.34977324
        2381	0.05399093	1.40376417
        2381	0.05399093	1.45775510
        2381	0.05399093	1.51174603
        2381	0.05399093	1.56573696
        2381	0.05399093	1.61972789
        2381	0.05399093	1.67371882
        2381	0.05399093	1.72770975
        2381	0.05399093	1.78170068
        2381	0.05399093	1.83569161
        2381	0.05399093	1.88968254
        2381	0.05399093	1.94367347
        2381	0.05399093	1.99766440
        2381	0.05399093	2.05165533
        2381	0.05399093	2.10564626
        2381	0.05399093	2.15963719
        2381	0.05399093	2.21362812
        2381	0.05399093	2.26761905
        2381	0.05399093	2.32160998
        2381	0.05399093	2.37560091
        2381	0.05399093	2.42959184
        2381	0.05399093	2.48358277
