Input file: /Users/xutianle/Desktop/Stimuli/Andrew_Raw_Sounds/BF Sound 4.wav	Stim Type: reg	Input length: 1657 samples
Target IOI: 0.0520 s	Actual Avg IOI: 0.05200 s (2293.00000 samp)
Interval StdDev: 0.00000 s (0.00000 samp)	Max deviation: 0.0500 s	Min std dev: 0.00001 s
Gap Noise:

Interval (samp)	Interval (s)	Start Time (s)
        2293	0.05199546	0.05199546
        2293	0.05199546	0.10399093
        2293	0.05199546	0.15598639
        2293	0.05199546	0.20798186
        2293	0.05199546	0.25997732
        2293	0.05199546	0.31197279
        2293	0.05199546	0.36396825
        2293	0.05199546	0.41596372
        2293	0.05199546	0.46795918
        2293	0.05199546	0.51995465
        2293	0.05199546	0.57195011
        2293	0.05199546	0.62394558
        2293	0.05199546	0.67594104
        2293	0.05199546	0.72793651
        2293	0.05199546	0.77993197
        2293	0.05199546	0.83192744
        2293	0.05199546	0.88392290
        2293	0.05199546	0.93591837
        2293	0.05199546	0.98791383
        2293	0.05199546	1.03990930
        2293	0.05199546	1.09190476
        2293	0.05199546	1.14390023
        2293	0.05199546	1.19589569
        2293	0.05199546	1.24789116
        2293	0.05199546	1.29988662
        2293	0.05199546	1.35188209
        2293	0.05199546	1.40387755
        2293	0.05199546	1.45587302
        2293	0.05199546	1.50786848
        2293	0.05199546	1.55986395
        2293	0.05199546	1.61185941
        2293	0.05199546	1.66385488
        2293	0.05199546	1.71585034
        2293	0.05199546	1.76784580
        2293	0.05199546	1.81984127
        2293	0.05199546	1.87183673
        2293	0.05199546	1.92383220
        2293	0.05199546	1.97582766
        2293	0.05199546	2.02782313
        2293	0.05199546	2.07981859
        2293	0.05199546	2.13181406
        2293	0.05199546	2.18380952
        2293	0.05199546	2.23580499
        2293	0.05199546	2.28780045
        2293	0.05199546	2.33979592
        2293	0.05199546	2.39179138
        2293	0.05199546	2.44378685
        2293	0.05199546	2.49578231
