Input file: /Users/xutianle/Desktop/Stimuli/Andrew_Raw_Sounds/BF Sound 4.wav	Stim Type: reg	Input length: 1657 samples
Target IOI: 0.0410 s	Actual Avg IOI: 0.04100 s (1808.00000 samp)
Interval StdDev: 0.00000 s (0.00000 samp)	Max deviation: 0.0500 s	Min std dev: 0.00001 s
Gap Noise:

Interval (samp)	Interval (s)	Start Time (s)
        1808	0.04099773	0.04099773
        1808	0.04099773	0.08199546
        1808	0.04099773	0.12299320
        1808	0.04099773	0.16399093
        1808	0.04099773	0.20498866
        1808	0.04099773	0.24598639
        1808	0.04099773	0.28698413
        1808	0.04099773	0.32798186
        1808	0.04099773	0.36897959
        1808	0.04099773	0.40997732
        1808	0.04099773	0.45097506
        1808	0.04099773	0.49197279
        1808	0.04099773	0.53297052
        1808	0.04099773	0.57396825
        1808	0.04099773	0.61496599
        1808	0.04099773	0.65596372
        1808	0.04099773	0.69696145
        1808	0.04099773	0.73795918
        1808	0.04099773	0.77895692
        1808	0.04099773	0.81995465
        1808	0.04099773	0.86095238
        1808	0.04099773	0.90195011
        1808	0.04099773	0.94294785
        1808	0.04099773	0.98394558
        1808	0.04099773	1.02494331
        1808	0.04099773	1.06594104
        1808	0.04099773	1.10693878
        1808	0.04099773	1.14793651
        1808	0.04099773	1.18893424
        1808	0.04099773	1.22993197
        1808	0.04099773	1.27092971
        1808	0.04099773	1.31192744
        1808	0.04099773	1.35292517
        1808	0.04099773	1.39392290
        1808	0.04099773	1.43492063
        1808	0.04099773	1.47591837
        1808	0.04099773	1.51691610
        1808	0.04099773	1.55791383
        1808	0.04099773	1.59891156
        1808	0.04099773	1.63990930
        1808	0.04099773	1.68090703
        1808	0.04099773	1.72190476
        1808	0.04099773	1.76290249
        1808	0.04099773	1.80390023
        1808	0.04099773	1.84489796
        1808	0.04099773	1.88589569
        1808	0.04099773	1.92689342
        1808	0.04099773	1.96789116
        1808	0.04099773	2.00888889
        1808	0.04099773	2.04988662
        1808	0.04099773	2.09088435
        1808	0.04099773	2.13188209
        1808	0.04099773	2.17287982
        1808	0.04099773	2.21387755
        1808	0.04099773	2.25487528
        1808	0.04099773	2.29587302
        1808	0.04099773	2.33687075
        1808	0.04099773	2.37786848
        1808	0.04099773	2.41886621
        1808	0.04099773	2.45986395
