Input file: /Users/xutianle/Desktop/Stimuli/Andrew_Raw_Sounds/BF Sound 4.wav	Stim Type: ir	Input length: 1657 samples
Target IOI: 0.0490 s	Actual Avg IOI: 0.04900 s (2161.00000 samp)
Interval StdDev: 0.00650 s (286.86024 samp)	Max deviation: 0.0500 s	Min std dev: 0.00001 s
Gap Noise:

Interval (samp)	Interval (s)	Start Time (s)
        2221	0.05036281	0.05036281
        2181	0.04945578	0.09981859
        2198	0.04984127	0.14965986
        1862	0.04222222	0.19188209
        1818	0.04122449	0.23310658
        2174	0.04929705	0.28240363
        2412	0.05469388	0.33709751
        2090	0.04739229	0.38448980
        2298	0.05210884	0.43659864
        1929	0.04374150	0.48034014
        2378	0.05392290	0.53426304
        1983	0.04496599	0.57922902
        2256	0.05115646	0.63038549
        1658	0.03759637	0.66798186
        2492	0.05650794	0.72448980
        2418	0.05482993	0.77931973
        2402	0.05446712	0.83378685
        2643	0.05993197	0.89371882
        2043	0.04632653	0.94004535
        2134	0.04839002	0.98843537
        2340	0.05306122	1.04149660
        2155	0.04886621	1.09036281
        2387	0.05412698	1.14448980
        1724	0.03909297	1.18358277
        2398	0.05437642	1.23795918
        1719	0.03897959	1.27693878
        2640	0.05986395	1.33680272
        2155	0.04886621	1.38566893
        1671	0.03789116	1.42356009
        1705	0.03866213	1.46222222
        2499	0.05666667	1.51888889
        2416	0.05478458	1.57367347
        2410	0.05464853	1.62832200
        2038	0.04621315	1.67453515
        1944	0.04408163	1.71861678
        2328	0.05278912	1.77140590
        1898	0.04303855	1.81444444
        2500	0.05668934	1.87113379
        2251	0.05104308	1.92217687
        2063	0.04678005	1.96895692
        2221	0.05036281	2.01931973
        1672	0.03791383	2.05723356
        2396	0.05433107	2.11156463
        1712	0.03882086	2.15038549
        2624	0.05950113	2.20988662
        2190	0.04965986	2.25954649
        2067	0.04687075	2.30641723
        2289	0.05190476	2.35832200
        2581	0.05852608	2.41684807
        1662	0.03768707	2.45453515
        1966	0.04458050	2.49911565
