Input file: /Users/xutianle/Desktop/Stimuli/Andrew_Raw_Sounds/BF Sound 4.wav	Stim Type: ir	Input length: 1657 samples
Target IOI: 0.0450 s	Actual Avg IOI: 0.04501 s (1985.00000 samp)
Interval StdDev: 0.00430 s (189.81297 samp)	Max deviation: 0.0500 s	Min std dev: 0.00001 s
Gap Noise:

Interval (samp)	Interval (s)	Start Time (s)
        1771	0.04015873	0.04015873
        2099	0.04759637	0.08775510
        2008	0.04553288	0.13328798
        2205	0.05000000	0.18328798
        1705	0.03866213	0.22195011
        2233	0.05063492	0.27258503
        2090	0.04739229	0.31997732
        2288	0.05188209	0.37185941
        2022	0.04585034	0.41770975
        1734	0.03931973	0.45702948
        1730	0.03922902	0.49625850
        2193	0.04972789	0.54598639
        2001	0.04537415	0.59136054
        1684	0.03818594	0.62954649
        1660	0.03764172	0.66718821
        2012	0.04562358	0.71281179
        1919	0.04351474	0.75632653
        1961	0.04446712	0.80079365
        1789	0.04056689	0.84136054
        2191	0.04968254	0.89104308
        2009	0.04555556	0.93659864
        2136	0.04843537	0.98503401
        1677	0.03802721	1.02306122
        2270	0.05147392	1.07453515
        1672	0.03791383	1.11244898
        2011	0.04560091	1.15804989
        2139	0.04850340	1.20655329
        2308	0.05233560	1.25888889
        1821	0.04129252	1.30018141
        2198	0.04984127	1.35002268
        1854	0.04204082	1.39206349
        2301	0.05217687	1.44424036
        1700	0.03854875	1.48278912
        2124	0.04816327	1.53095238
        1758	0.03986395	1.57081633
        1799	0.04079365	1.61160998
        2128	0.04825397	1.65986395
        2155	0.04886621	1.70873016
        2059	0.04668934	1.75541950
        1866	0.04231293	1.79773243
        1941	0.04401361	1.84174603
        1959	0.04442177	1.88616780
        1794	0.04068027	1.92684807
        1901	0.04310658	1.96995465
        2109	0.04782313	2.01777778
        2090	0.04739229	2.06517007
        2011	0.04560091	2.11077098
        2035	0.04614512	2.15691610
        1794	0.04068027	2.19759637
        1795	0.04070295	2.23829932
        1921	0.04356009	2.28185941
        2098	0.04757370	2.32943311
        2153	0.04882086	2.37825397
        2041	0.04628118	2.42453515
        2253	0.05108844	2.47562358
