Input file: /Users/xutianle/Desktop/Stimuli/Andrew_Raw_Sounds/BF Sound 4.wav	Stim Type: reg	Input length: 1657 samples
Target IOI: 0.0700 s	Actual Avg IOI: 0.07000 s (3087.00000 samp)
Interval StdDev: 0.00000 s (0.00000 samp)	Max deviation: 0.0500 s	Min std dev: 0.00001 s
Gap Noise:

Interval (samp)	Interval (s)	Start Time (s)
        3087	0.07000000	0.07000000
        3087	0.07000000	0.14000000
        3087	0.07000000	0.21000000
        3087	0.07000000	0.28000000
        3087	0.07000000	0.35000000
        3087	0.07000000	0.42000000
        3087	0.07000000	0.49000000
        3087	0.07000000	0.56000000
        3087	0.07000000	0.63000000
        3087	0.07000000	0.70000000
        3087	0.07000000	0.77000000
        3087	0.07000000	0.84000000
        3087	0.07000000	0.91000000
        3087	0.07000000	0.98000000
        3087	0.07000000	1.05000000
        3087	0.07000000	1.12000000
        3087	0.07000000	1.19000000
        3087	0.07000000	1.26000000
        3087	0.07000000	1.33000000
        3087	0.07000000	1.40000000
        3087	0.07000000	1.47000000
        3087	0.07000000	1.54000000
        3087	0.07000000	1.61000000
        3087	0.07000000	1.68000000
        3087	0.07000000	1.75000000
        3087	0.07000000	1.82000000
        3087	0.07000000	1.89000000
        3087	0.07000000	1.96000000
        3087	0.07000000	2.03000000
        3087	0.07000000	2.10000000
        3087	0.07000000	2.17000000
        3087	0.07000000	2.24000000
        3087	0.07000000	2.31000000
        3087	0.07000000	2.38000000
        3087	0.07000000	2.45000000
