Input file: /Users/xutianle/Desktop/Stimuli/Andrew_Raw_Sounds/BF Sound 4.wav	Stim Type: ir	Input length: 1657 samples
Target IOI: 0.0560 s	Actual Avg IOI: 0.05601 s (2470.00000 samp)
Interval StdDev: 0.01110 s (489.48967 samp)	Max deviation: 0.0500 s	Min std dev: 0.00001 s
Gap Noise:

Interval (samp)	Interval (s)	Start Time (s)
        3129	0.07095238	0.07095238
        2133	0.04836735	0.11931973
        1706	0.03868481	0.15800454
        3276	0.07428571	0.23229025
        2989	0.06777778	0.30006803
        2166	0.04911565	0.34918367
        1879	0.04260771	0.39179138
        1713	0.03884354	0.43063492
        2943	0.06673469	0.49736961
        2278	0.05165533	0.54902494
        3224	0.07310658	0.62213152
        2393	0.05426304	0.67639456
        1725	0.03911565	0.71551020
        1982	0.04494331	0.76045351
        2266	0.05138322	0.81183673
        1713	0.03884354	0.85068027
        2497	0.05662132	0.90730159
        2438	0.05528345	0.96258503
        3109	0.07049887	1.03308390
        2127	0.04823129	1.08131519
        2236	0.05070295	1.13201814
        2665	0.06043084	1.19244898
        2524	0.05723356	1.24968254
        2604	0.05904762	1.30873016
        2703	0.06129252	1.37002268
        2218	0.05029478	1.42031746
        1664	0.03773243	1.45804989
        2571	0.05829932	1.51634921
        1803	0.04088435	1.55723356
        2527	0.05730159	1.61453515
        3154	0.07151927	1.68605442
        2379	0.05394558	1.74000000
        2121	0.04809524	1.78809524
        2576	0.05841270	1.84650794
        2842	0.06444444	1.91095238
        2703	0.06129252	1.97224490
        3234	0.07333333	2.04557823
        2392	0.05424036	2.09981859
        2635	0.05975057	2.15956916
        2775	0.06292517	2.22249433
        3282	0.07442177	2.29691610
        2042	0.04630385	2.34321995
        3260	0.07392290	2.41714286
        2084	0.04725624	2.46439909
