Input file: /Users/xutianle/Desktop/Stimuli/Andrew_Raw_Sounds/BF Sound 4.wav	Stim Type: ir	Input length: 1657 samples
Target IOI: 0.0680 s	Actual Avg IOI: 0.06801 s (2999.02778 samp)
Interval StdDev: 0.01415 s (623.99512 samp)	Max deviation: 0.0500 s	Min std dev: 0.00001 s
Gap Noise:

Interval (samp)	Interval (s)	Start Time (s)
        2389	0.05417234	0.05417234
        2892	0.06557823	0.11975057
        2727	0.06183673	0.18158730
        2392	0.05424036	0.23582766
        4247	0.09630385	0.33213152
        3547	0.08043084	0.41256236
        3659	0.08297052	0.49553288
        3102	0.07034014	0.56587302
        3770	0.08548753	0.65136054
        2627	0.05956916	0.71092971
        3472	0.07873016	0.78965986
        2252	0.05106576	0.84072562
        2430	0.05510204	0.89582766
        3409	0.07730159	0.97312925
        3611	0.08188209	1.05501134
        2052	0.04653061	1.10154195
        4059	0.09204082	1.19358277
        2688	0.06095238	1.25453515
        2463	0.05585034	1.31038549
        2944	0.06675737	1.37714286
        3874	0.08784580	1.46498866
        3004	0.06811791	1.53310658
        2825	0.06405896	1.59716553
        2820	0.06394558	1.66111111
        3875	0.08786848	1.74897959
        3422	0.07759637	1.82657596
        3371	0.07643991	1.90301587
        3410	0.07732426	1.98034014
        3150	0.07142857	2.05176871
        2421	0.05489796	2.10666667
        2930	0.06643991	2.17310658
        2053	0.04655329	2.21965986
        3511	0.07961451	2.29927438
        2478	0.05619048	2.35546485
        1956	0.04435374	2.39981859
        2133	0.04836735	2.44818594
