Input file: /Users/xutianle/Desktop/Stimuli/Andrew_Raw_Sounds/BF Sound 4.wav	Stim Type: reg	Input length: 1657 samples
Target IOI: 0.0590 s	Actual Avg IOI: 0.05900 s (2602.00000 samp)
Interval StdDev: 0.00000 s (0.00000 samp)	Max deviation: 0.0500 s	Min std dev: 0.00001 s
Gap Noise:

Interval (samp)	Interval (s)	Start Time (s)
        2602	0.05900227	0.05900227
        2602	0.05900227	0.11800454
        2602	0.05900227	0.17700680
        2602	0.05900227	0.23600907
        2602	0.05900227	0.29501134
        2602	0.05900227	0.35401361
        2602	0.05900227	0.41301587
        2602	0.05900227	0.47201814
        2602	0.05900227	0.53102041
        2602	0.05900227	0.59002268
        2602	0.05900227	0.64902494
        2602	0.05900227	0.70802721
        2602	0.05900227	0.76702948
        2602	0.05900227	0.82603175
        2602	0.05900227	0.88503401
        2602	0.05900227	0.94403628
        2602	0.05900227	1.00303855
        2602	0.05900227	1.06204082
        2602	0.05900227	1.12104308
        2602	0.05900227	1.18004535
        2602	0.05900227	1.23904762
        2602	0.05900227	1.29804989
        2602	0.05900227	1.35705215
        2602	0.05900227	1.41605442
        2602	0.05900227	1.47505669
        2602	0.05900227	1.53405896
        2602	0.05900227	1.59306122
        2602	0.05900227	1.65206349
        2602	0.05900227	1.71106576
        2602	0.05900227	1.77006803
        2602	0.05900227	1.82907029
        2602	0.05900227	1.88807256
        2602	0.05900227	1.94707483
        2602	0.05900227	2.00607710
        2602	0.05900227	2.06507937
        2602	0.05900227	2.12408163
        2602	0.05900227	2.18308390
        2602	0.05900227	2.24208617
        2602	0.05900227	2.30108844
        2602	0.05900227	2.36009070
        2602	0.05900227	2.41909297
        2602	0.05900227	2.47809524
