Input file: /Users/xutianle/Desktop/Stimuli/Andrew_Raw_Sounds/BF Sound 4.wav	Stim Type: ir	Input length: 1657 samples
Target IOI: 0.0460 s	Actual Avg IOI: 0.04601 s (2029.00000 samp)
Interval StdDev: 0.00514 s (226.59040 samp)	Max deviation: 0.0500 s	Min std dev: 0.00001 s
Gap Noise:

Interval (samp)	Interval (s)	Start Time (s)
        2199	0.04986395	0.04986395
        2218	0.05029478	0.10015873
        2174	0.04929705	0.14945578
        1804	0.04090703	0.19036281
        1736	0.03936508	0.22972789
        1915	0.04342404	0.27315193
        1809	0.04102041	0.31417234
        2313	0.05244898	0.36662132
        2000	0.04535147	0.41197279
        1773	0.04020408	0.45217687
        2238	0.05074830	0.50292517
        1752	0.03972789	0.54265306
        2368	0.05369615	0.59634921
        2263	0.05131519	0.64766440
        1681	0.03811791	0.68578231
        1665	0.03775510	0.72353741
        1899	0.04306122	0.76659864
        2227	0.05049887	0.81709751
        2342	0.05310658	0.87020408
        2235	0.05068027	0.92088435
        2209	0.05009070	0.97097506
        2201	0.04990930	1.02088435
        2358	0.05346939	1.07435374
        2385	0.05408163	1.12843537
        1809	0.04102041	1.16945578
        1787	0.04052154	1.20997732
        1896	0.04299320	1.25297052
        1968	0.04462585	1.29759637
        1888	0.04281179	1.34040816
        2280	0.05170068	1.39210884
        1973	0.04473923	1.43684807
        1762	0.03995465	1.47680272
        2346	0.05319728	1.53000000
        1750	0.03968254	1.56968254
        2047	0.04641723	1.61609977
        1925	0.04365079	1.65975057
        2313	0.05244898	1.71219955
        2326	0.05274376	1.76494331
        1866	0.04231293	1.80725624
        2144	0.04861678	1.85587302
        2328	0.05278912	1.90866213
        2137	0.04845805	1.95712018
        2077	0.04709751	2.00421769
        2150	0.04875283	2.05297052
        1929	0.04374150	2.09671202
        1736	0.03936508	2.13607710
        1846	0.04185941	2.17793651
        2049	0.04646259	2.22439909
        1971	0.04469388	2.26909297
        1685	0.03820862	2.30730159
        1947	0.04414966	2.35145125
        1703	0.03861678	2.39006803
        1880	0.04263039	2.43269841
        2284	0.05179138	2.48448980
