Input file: /Users/xutianle/Desktop/Stimuli/Andrew_Raw_Sounds/BF Sound 4.wav	Stim Type: reg	Input length: 1657 samples
Target IOI: 0.0830 s	Actual Avg IOI: 0.08300 s (3660.00000 samp)
Interval StdDev: 0.00000 s (0.00000 samp)	Max deviation: 0.0500 s	Min std dev: 0.00100 s
Gap Noise:

Interval (samp)	Interval (s)	Start Time (s)
        3660	0.08299320	0.08299320
        3660	0.08299320	0.16598639
        3660	0.08299320	0.24897959
        3660	0.08299320	0.33197279
        3660	0.08299320	0.41496599
        3660	0.08299320	0.49795918
        3660	0.08299320	0.58095238
        3660	0.08299320	0.66394558
        3660	0.08299320	0.74693878
        3660	0.08299320	0.82993197
        3660	0.08299320	0.91292517
        3660	0.08299320	0.99591837
        3660	0.08299320	1.07891156
        3660	0.08299320	1.16190476
        3660	0.08299320	1.24489796
        3660	0.08299320	1.32789116
        3660	0.08299320	1.41088435
        3660	0.08299320	1.49387755
        3660	0.08299320	1.57687075
        3660	0.08299320	1.65986395
        3660	0.08299320	1.74285714
        3660	0.08299320	1.82585034
        3660	0.08299320	1.90884354
        3660	0.08299320	1.99183673
        3660	0.08299320	2.07482993
        3660	0.08299320	2.15782313
        3660	0.08299320	2.24081633
        3660	0.08299320	2.32380952
        3660	0.08299320	2.40680272
        3660	0.08299320	2.48979592
