Input file: /Users/xutianle/Desktop/Stimuli/Andrew_Raw_Sounds/BF Sound 4.wav	Stim Type: ir	Input length: 1657 samples
Target IOI: 0.0440 s	Actual Avg IOI: 0.04399 s (1940.00000 samp)
Interval StdDev: 0.00361 s (159.00635 samp)	Max deviation: 0.0500 s	Min std dev: 0.00001 s
Gap Noise:

Interval (samp)	Interval (s)	Start Time (s)
        2070	0.04693878	0.04693878
        2103	0.04768707	0.09462585
        1676	0.03800454	0.13263039
        1969	0.04464853	0.17727891
        2146	0.04866213	0.22594104
        2091	0.04741497	0.27335601
        1782	0.04040816	0.31376417
        1842	0.04176871	0.35553288
        2177	0.04936508	0.40489796
        1771	0.04015873	0.44505669
        2121	0.04809524	0.49315193
        2072	0.04698413	0.54013605
        2050	0.04648526	0.58662132
        1705	0.03866213	0.62528345
        1700	0.03854875	0.66383220
        2130	0.04829932	0.71213152
        1785	0.04047619	0.75260771
        1925	0.04365079	0.79625850
        2131	0.04832200	0.84458050
        2087	0.04732426	0.89190476
        1792	0.04063492	0.93253968
        2130	0.04829932	0.98083900
        1740	0.03945578	1.02029478
        2066	0.04684807	1.06714286
        1981	0.04492063	1.11206349
        2061	0.04673469	1.15879819
        1674	0.03795918	1.19675737
        1744	0.03954649	1.23630385
        1860	0.04217687	1.27848073
        1980	0.04489796	1.32337868
        2137	0.04845805	1.37183673
        1771	0.04015873	1.41199546
        2059	0.04668934	1.45868481
        1852	0.04199546	1.50068027
        2073	0.04700680	1.54768707
        1768	0.04009070	1.58777778
        1698	0.03850340	1.62628118
        1875	0.04251701	1.66879819
        1667	0.03780045	1.70659864
        1821	0.04129252	1.74789116
        2047	0.04641723	1.79430839
        1984	0.04498866	1.83929705
        1928	0.04371882	1.88301587
        2202	0.04993197	1.93294785
        1859	0.04215420	1.97510204
        2060	0.04671202	2.02181406
        1765	0.04002268	2.06183673
        1957	0.04437642	2.10621315
        1924	0.04362812	2.14984127
        2210	0.05011338	2.19995465
        1889	0.04283447	2.24278912
        1861	0.04219955	2.28498866
        1867	0.04233560	2.32732426
        1881	0.04265306	2.36997732
        2127	0.04823129	2.41820862
        1997	0.04528345	2.46349206
