Input file: /Users/xutianle/Desktop/Stimuli/Andrew_Raw_Sounds/BF Sound 4.wav	Stim Type: reg	Input length: 1657 samples
Target IOI: 0.0450 s	Actual Avg IOI: 0.04500 s (1984.00000 samp)
Interval StdDev: 0.00000 s (0.00000 samp)	Max deviation: 0.0500 s	Min std dev: 0.00001 s
Gap Noise:

Interval (samp)	Interval (s)	Start Time (s)
        1984	0.04498866	0.04498866
        1984	0.04498866	0.08997732
        1984	0.04498866	0.13496599
        1984	0.04498866	0.17995465
        1984	0.04498866	0.22494331
        1984	0.04498866	0.26993197
        1984	0.04498866	0.31492063
        1984	0.04498866	0.35990930
        1984	0.04498866	0.40489796
        1984	0.04498866	0.44988662
        1984	0.04498866	0.49487528
        1984	0.04498866	0.53986395
        1984	0.04498866	0.58485261
        1984	0.04498866	0.62984127
        1984	0.04498866	0.67482993
        1984	0.04498866	0.71981859
        1984	0.04498866	0.76480726
        1984	0.04498866	0.80979592
        1984	0.04498866	0.85478458
        1984	0.04498866	0.89977324
        1984	0.04498866	0.94476190
        1984	0.04498866	0.98975057
        1984	0.04498866	1.03473923
        1984	0.04498866	1.07972789
        1984	0.04498866	1.12471655
        1984	0.04498866	1.16970522
        1984	0.04498866	1.21469388
        1984	0.04498866	1.25968254
        1984	0.04498866	1.30467120
        1984	0.04498866	1.34965986
        1984	0.04498866	1.39464853
        1984	0.04498866	1.43963719
        1984	0.04498866	1.48462585
        1984	0.04498866	1.52961451
        1984	0.04498866	1.57460317
        1984	0.04498866	1.61959184
        1984	0.04498866	1.66458050
        1984	0.04498866	1.70956916
        1984	0.04498866	1.75455782
        1984	0.04498866	1.79954649
        1984	0.04498866	1.84453515
        1984	0.04498866	1.88952381
        1984	0.04498866	1.93451247
        1984	0.04498866	1.97950113
        1984	0.04498866	2.02448980
        1984	0.04498866	2.06947846
        1984	0.04498866	2.11446712
        1984	0.04498866	2.15945578
        1984	0.04498866	2.20444444
        1984	0.04498866	2.24943311
        1984	0.04498866	2.29442177
        1984	0.04498866	2.33941043
        1984	0.04498866	2.38439909
        1984	0.04498866	2.42938776
        1984	0.04498866	2.47437642
