Input file: /Users/xutianle/Desktop/Stimuli/Andrew_Raw_Sounds/BF Sound 4.wav	Stim Type: ir	Input length: 1657 samples
Target IOI: 0.0780 s	Actual Avg IOI: 0.07801 s (3440.03125 samp)
Interval StdDev: 0.02300 s (1014.13928 samp)	Max deviation: 0.0500 s	Min std dev: 0.00100 s
Gap Noise:

Interval (samp)	Interval (s)	Start Time (s)
        2849	0.06460317	0.06460317
        4964	0.11256236	0.17716553
        2666	0.06045351	0.23761905
        3455	0.07834467	0.31596372
        4632	0.10503401	0.42099773
        1903	0.04315193	0.46414966
        4117	0.09335601	0.55750567
        3484	0.07900227	0.63650794
        4117	0.09335601	0.72986395
        4205	0.09535147	0.82521542
        4585	0.10396825	0.92918367
        2214	0.05020408	0.97938776
        3840	0.08707483	1.06646259
        3051	0.06918367	1.13564626
        4432	0.10049887	1.23614512
        2389	0.05417234	1.29031746
        2143	0.04859410	1.33891156
        2524	0.05723356	1.39614512
        3705	0.08401361	1.48015873
        3295	0.07471655	1.55487528
        2562	0.05809524	1.61297052
        4737	0.10741497	1.72038549
        5034	0.11414966	1.83453515
        4914	0.11142857	1.94596372
        4177	0.09471655	2.04068027
        1909	0.04328798	2.08396825
        2159	0.04895692	2.13292517
        4256	0.09650794	2.22943311
        2649	0.06006803	2.28950113
        2010	0.04557823	2.33507937
        3082	0.06988662	2.40496599
        4022	0.09120181	2.49616780
