Input file: /Users/xutianle/Desktop/Stimuli/Andrew_Raw_Sounds/BF Sound 4.wav	Stim Type: ir	Input length: 1657 samples
Target IOI: 0.0410 s	Actual Avg IOI: 0.04100 s (1808.01667 samp)
Interval StdDev: 0.00195 s (85.90189 samp)	Max deviation: 0.0500 s	Min std dev: 0.00001 s
Gap Noise:

Interval (samp)	Interval (s)	Start Time (s)
        1777	0.04029478	0.04029478
        1684	0.03818594	0.07848073
        1891	0.04287982	0.12136054
        1874	0.04249433	0.16385488
        1706	0.03868481	0.20253968
        1877	0.04256236	0.24510204
        1920	0.04353741	0.28863946
        1719	0.03897959	0.32761905
        1813	0.04111111	0.36873016
        1816	0.04117914	0.40990930
        1728	0.03918367	0.44909297
        1883	0.04269841	0.49179138
        1947	0.04414966	0.53594104
        1891	0.04287982	0.57882086
        1838	0.04167800	0.62049887
        1813	0.04111111	0.66160998
        1699	0.03852608	0.70013605
        1817	0.04120181	0.74133787
        1714	0.03886621	0.78020408
        1805	0.04092971	0.82113379
        1799	0.04079365	0.86192744
        1864	0.04226757	0.90419501
        1795	0.04070295	0.94489796
        1776	0.04027211	0.98517007
        1903	0.04315193	1.02832200
        1877	0.04256236	1.07088435
        1670	0.03786848	1.10875283
        1841	0.04174603	1.15049887
        1809	0.04102041	1.19151927
        1772	0.04018141	1.23170068
        1869	0.04238095	1.27408163
        1673	0.03793651	1.31201814
        1880	0.04263039	1.35464853
        1831	0.04151927	1.39616780
        1766	0.04004535	1.43621315
        1667	0.03780045	1.47401361
        1765	0.04002268	1.51403628
        1670	0.03786848	1.55190476
        1702	0.03859410	1.59049887
        1678	0.03804989	1.62854875
        1818	0.04122449	1.66977324
        1930	0.04376417	1.71353741
        1942	0.04403628	1.75757370
        1866	0.04231293	1.79988662
        1693	0.03839002	1.83827664
        1894	0.04294785	1.88122449
        1723	0.03907029	1.92029478
        1947	0.04414966	1.96444444
        1817	0.04120181	2.00564626
        1909	0.04328798	2.04893424
        1887	0.04278912	2.09172336
        1787	0.04052154	2.13224490
        1733	0.03929705	2.17154195
        1947	0.04414966	2.21569161
        1780	0.04036281	2.25605442
        1856	0.04208617	2.29814059
        1678	0.03804989	2.33619048
        1878	0.04258503	2.37877551
        1896	0.04299320	2.42176871
        1681	0.03811791	2.45988662
