Input file: /Users/xutianle/Desktop/Stimuli/Andrew_Raw_Sounds/BF Sound 4.wav	Stim Type: reg	Input length: 1657 samples
Target IOI: 0.0660 s	Actual Avg IOI: 0.06600 s (2911.00000 samp)
Interval StdDev: 0.00000 s (0.00000 samp)	Max deviation: 0.0500 s	Min std dev: 0.00001 s
Gap Noise:

Interval (samp)	Interval (s)	Start Time (s)
        2911	0.06600907	0.06600907
        2911	0.06600907	0.13201814
        2911	0.06600907	0.19802721
        2911	0.06600907	0.26403628
        2911	0.06600907	0.33004535
        2911	0.06600907	0.39605442
        2911	0.06600907	0.46206349
        2911	0.06600907	0.52807256
        2911	0.06600907	0.59408163
        2911	0.06600907	0.66009070
        2911	0.06600907	0.72609977
        2911	0.06600907	0.79210884
        2911	0.06600907	0.85811791
        2911	0.06600907	0.92412698
        2911	0.06600907	0.99013605
        2911	0.06600907	1.05614512
        2911	0.06600907	1.12215420
        2911	0.06600907	1.18816327
        2911	0.06600907	1.25417234
        2911	0.06600907	1.32018141
        2911	0.06600907	1.38619048
        2911	0.06600907	1.45219955
        2911	0.06600907	1.51820862
        2911	0.06600907	1.58421769
        2911	0.06600907	1.65022676
        2911	0.06600907	1.71623583
        2911	0.06600907	1.78224490
        2911	0.06600907	1.84825397
        2911	0.06600907	1.91426304
        2911	0.06600907	1.98027211
        2911	0.06600907	2.04628118
        2911	0.06600907	2.11229025
        2911	0.06600907	2.17829932
        2911	0.06600907	2.24430839
        2911	0.06600907	2.31031746
        2911	0.06600907	2.37632653
        2911	0.06600907	2.44233560
