Input file: /Users/xutianle/Desktop/Stimuli/Andrew_Raw_Sounds/BF Sound 4.wav	Stim Type: ir	Input length: 1657 samples
Target IOI: 0.0790 s	Actual Avg IOI: 0.07900 s (3484.03226 samp)
Interval StdDev: 0.02627 s (1158.43249 samp)	Max deviation: 0.0500 s	Min std dev: 0.00100 s
Gap Noise:

Interval (samp)	Interval (s)	Start Time (s)
        2111	0.04786848	0.04786848
        1757	0.03984127	0.08770975
        4121	0.09344671	0.18115646
        4396	0.09968254	0.28083900
        3047	0.06909297	0.34993197
        4590	0.10408163	0.45401361
        2853	0.06469388	0.51870748
        2543	0.05766440	0.57637188
        4053	0.09190476	0.66827664
        1848	0.04190476	0.71018141
        3034	0.06879819	0.77897959
        4132	0.09369615	0.87267574
        1689	0.03829932	0.91097506
        5115	0.11598639	1.02696145
        3681	0.08346939	1.11043084
        3283	0.07444444	1.18487528
        5267	0.11943311	1.30430839
        1662	0.03768707	1.34199546
        2070	0.04693878	1.38893424
        4761	0.10795918	1.49689342
        4922	0.11160998	1.60850340
        3599	0.08160998	1.69011338
        3496	0.07927438	1.76938776
        4161	0.09435374	1.86374150
        3708	0.08408163	1.94782313
        3585	0.08129252	2.02911565
        2081	0.04718821	2.07630385
        4371	0.09911565	2.17541950
        5309	0.12038549	2.29580499
        2148	0.04870748	2.34451247
        4612	0.10458050	2.44909297
