Input file: /Users/xutianle/Desktop/Stimuli/Andrew_Raw_Sounds/BF Sound 4.wav	Stim Type: ir	Input length: 1657 samples
Target IOI: 0.0590 s	Actual Avg IOI: 0.05900 s (2602.02381 samp)
Interval StdDev: 0.01177 s (518.99610 samp)	Max deviation: 0.0500 s	Min std dev: 0.00001 s
Gap Noise:

Interval (samp)	Interval (s)	Start Time (s)
        2157	0.04891156	0.04891156
        3127	0.07090703	0.11981859
        2373	0.05380952	0.17362812
        2235	0.05068027	0.22430839
        2977	0.06750567	0.29181406
        2733	0.06197279	0.35378685
        3332	0.07555556	0.42934240
        1972	0.04471655	0.47405896
        2185	0.04954649	0.52360544
        2844	0.06448980	0.58809524
        2213	0.05018141	0.63827664
        2581	0.05852608	0.69680272
        1713	0.03884354	0.73564626
        2804	0.06358277	0.79922902
        2400	0.05442177	0.85365079
        3070	0.06961451	0.92326531
        2004	0.04544218	0.96870748
        3353	0.07603175	1.04473923
        2941	0.06668934	1.11142857
        2863	0.06492063	1.17634921
        3418	0.07750567	1.25385488
        2320	0.05260771	1.30646259
        3323	0.07535147	1.38181406
        2454	0.05564626	1.43746032
        2620	0.05941043	1.49687075
        2371	0.05376417	1.55063492
        2379	0.05394558	1.60458050
        3139	0.07117914	1.67575964
        3346	0.07587302	1.75163265
        3325	0.07539683	1.82702948
        3227	0.07317460	1.90020408
        1898	0.04303855	1.94324263
        2341	0.05308390	1.99632653
        1996	0.04526077	2.04158730
        2114	0.04793651	2.08952381
        2070	0.04693878	2.13646259
        3376	0.07655329	2.21301587
        1674	0.03795918	2.25097506
        2013	0.04564626	2.29662132
        2356	0.05342404	2.35004535
        3099	0.07027211	2.42031746
        2549	0.05780045	2.47811791
