Input file: /Users/xutianle/Desktop/Stimuli/Andrew_Raw_Sounds/BF Sound 4.wav	Stim Type: reg	Input length: 1657 samples
Target IOI: 0.0440 s	Actual Avg IOI: 0.04400 s (1940.00000 samp)
Interval StdDev: 0.00000 s (0.00000 samp)	Max deviation: 0.0500 s	Min std dev: 0.00001 s
Gap Noise:

Interval (samp)	Interval (s)	Start Time (s)
        1940	0.04399093	0.04399093
        1940	0.04399093	0.08798186
        1940	0.04399093	0.13197279
        1940	0.04399093	0.17596372
        1940	0.04399093	0.21995465
        1940	0.04399093	0.26394558
        1940	0.04399093	0.30793651
        1940	0.04399093	0.35192744
        1940	0.04399093	0.39591837
        1940	0.04399093	0.43990930
        1940	0.04399093	0.48390023
        1940	0.04399093	0.52789116
        1940	0.04399093	0.57188209
        1940	0.04399093	0.61587302
        1940	0.04399093	0.65986395
        1940	0.04399093	0.70385488
        1940	0.04399093	0.74784580
        1940	0.04399093	0.79183673
        1940	0.04399093	0.83582766
        1940	0.04399093	0.87981859
        1940	0.04399093	0.92380952
        1940	0.04399093	0.96780045
        1940	0.04399093	1.01179138
        1940	0.04399093	1.05578231
        1940	0.04399093	1.09977324
        1940	0.04399093	1.14376417
        1940	0.04399093	1.18775510
        1940	0.04399093	1.23174603
        1940	0.04399093	1.27573696
        1940	0.04399093	1.31972789
        1940	0.04399093	1.36371882
        1940	0.04399093	1.40770975
        1940	0.04399093	1.45170068
        1940	0.04399093	1.49569161
        1940	0.04399093	1.53968254
        1940	0.04399093	1.58367347
        1940	0.04399093	1.62766440
        1940	0.04399093	1.67165533
        1940	0.04399093	1.71564626
        1940	0.04399093	1.75963719
        1940	0.04399093	1.80362812
        1940	0.04399093	1.84761905
        1940	0.04399093	1.89160998
        1940	0.04399093	1.93560091
        1940	0.04399093	1.97959184
        1940	0.04399093	2.02358277
        1940	0.04399093	2.06757370
        1940	0.04399093	2.11156463
        1940	0.04399093	2.15555556
        1940	0.04399093	2.19954649
        1940	0.04399093	2.24353741
        1940	0.04399093	2.28752834
        1940	0.04399093	2.33151927
        1940	0.04399093	2.37551020
        1940	0.04399093	2.41950113
        1940	0.04399093	2.46349206
