Input file: /Users/xutianle/Desktop/Stimuli/Andrew_Raw_Sounds/BF Sound 4.wav	Stim Type: ir	Input length: 1657 samples
Target IOI: 0.0810 s	Actual Avg IOI: 0.08100 s (3572.03333 samp)
Interval StdDev: 0.02982 s (1315.13179 samp)	Max deviation: 0.0500 s	Min std dev: 0.00100 s
Gap Noise:

Interval (samp)	Interval (s)	Start Time (s)
        4346	0.09854875	0.09854875
        2468	0.05596372	0.15451247
        2334	0.05292517	0.20743764
        5163	0.11707483	0.32451247
        2583	0.05857143	0.38308390
        5088	0.11537415	0.49845805
        5018	0.11378685	0.61224490
        2452	0.05560091	0.66784580
        5177	0.11739229	0.78523810
        3209	0.07276644	0.85800454
        2108	0.04780045	0.90580499
        3034	0.06879819	0.97460317
        4115	0.09331066	1.06791383
        2804	0.06358277	1.13149660
        2133	0.04836735	1.17986395
        5062	0.11478458	1.29464853
        1707	0.03870748	1.33335601
        3641	0.08256236	1.41591837
        5108	0.11582766	1.53174603
        1781	0.04038549	1.57213152
        2096	0.04752834	1.61965986
        2887	0.06546485	1.68512472
        5437	0.12328798	1.80841270
        5307	0.12034014	1.92875283
        4588	0.10403628	2.03278912
        3680	0.08344671	2.11623583
        5170	0.11723356	2.23346939
        2042	0.04630385	2.27977324
        4552	0.10321995	2.38299320
        2071	0.04696145	2.42995465
