Input file: /Users/xutianle/Desktop/Stimuli/Andrew_Raw_Sounds/BF Sound 4.wav	Stim Type: reg	Input length: 1657 samples
Target IOI: 0.0570 s	Actual Avg IOI: 0.05700 s (2514.00000 samp)
Interval StdDev: 0.00000 s (0.00000 samp)	Max deviation: 0.0500 s	Min std dev: 0.00001 s
Gap Noise:

Interval (samp)	Interval (s)	Start Time (s)
        2514	0.05700680	0.05700680
        2514	0.05700680	0.11401361
        2514	0.05700680	0.17102041
        2514	0.05700680	0.22802721
        2514	0.05700680	0.28503401
        2514	0.05700680	0.34204082
        2514	0.05700680	0.39904762
        2514	0.05700680	0.45605442
        2514	0.05700680	0.51306122
        2514	0.05700680	0.57006803
        2514	0.05700680	0.62707483
        2514	0.05700680	0.68408163
        2514	0.05700680	0.74108844
        2514	0.05700680	0.79809524
        2514	0.05700680	0.85510204
        2514	0.05700680	0.91210884
        2514	0.05700680	0.96911565
        2514	0.05700680	1.02612245
        2514	0.05700680	1.08312925
        2514	0.05700680	1.14013605
        2514	0.05700680	1.19714286
        2514	0.05700680	1.25414966
        2514	0.05700680	1.31115646
        2514	0.05700680	1.36816327
        2514	0.05700680	1.42517007
        2514	0.05700680	1.48217687
        2514	0.05700680	1.53918367
        2514	0.05700680	1.59619048
        2514	0.05700680	1.65319728
        2514	0.05700680	1.71020408
        2514	0.05700680	1.76721088
        2514	0.05700680	1.82421769
        2514	0.05700680	1.88122449
        2514	0.05700680	1.93823129
        2514	0.05700680	1.99523810
        2514	0.05700680	2.05224490
        2514	0.05700680	2.10925170
        2514	0.05700680	2.16625850
        2514	0.05700680	2.22326531
        2514	0.05700680	2.28027211
        2514	0.05700680	2.33727891
        2514	0.05700680	2.39428571
        2514	0.05700680	2.45129252
