Input file: /Users/xutianle/Desktop/Stimuli/Andrew_Raw_Sounds/BF Sound 4.wav	Stim Type: reg	Input length: 1657 samples
Target IOI: 0.0730 s	Actual Avg IOI: 0.07300 s (3219.00000 samp)
Interval StdDev: 0.00000 s (0.00000 samp)	Max deviation: 0.0500 s	Min std dev: 0.00001 s
Gap Noise:

Interval (samp)	Interval (s)	Start Time (s)
        3219	0.07299320	0.07299320
        3219	0.07299320	0.14598639
        3219	0.07299320	0.21897959
        3219	0.07299320	0.29197279
        3219	0.07299320	0.36496599
        3219	0.07299320	0.43795918
        3219	0.07299320	0.51095238
        3219	0.07299320	0.58394558
        3219	0.07299320	0.65693878
        3219	0.07299320	0.72993197
        3219	0.07299320	0.80292517
        3219	0.07299320	0.87591837
        3219	0.07299320	0.94891156
        3219	0.07299320	1.02190476
        3219	0.07299320	1.09489796
        3219	0.07299320	1.16789116
        3219	0.07299320	1.24088435
        3219	0.07299320	1.31387755
        3219	0.07299320	1.38687075
        3219	0.07299320	1.45986395
        3219	0.07299320	1.53285714
        3219	0.07299320	1.60585034
        3219	0.07299320	1.67884354
        3219	0.07299320	1.75183673
        3219	0.07299320	1.82482993
        3219	0.07299320	1.89782313
        3219	0.07299320	1.97081633
        3219	0.07299320	2.04380952
        3219	0.07299320	2.11680272
        3219	0.07299320	2.18979592
        3219	0.07299320	2.26278912
        3219	0.07299320	2.33578231
        3219	0.07299320	2.40877551
        3219	0.07299320	2.48176871
