Input file: /Users/xutianle/Desktop/Stimuli/Andrew_Raw_Sounds/BF Sound 4.wav	Stim Type: reg	Input length: 1657 samples
Target IOI: 0.0800 s	Actual Avg IOI: 0.08000 s (3528.00000 samp)
Interval StdDev: 0.00000 s (0.00000 samp)	Max deviation: 0.0500 s	Min std dev: 0.00100 s
Gap Noise:

Interval (samp)	Interval (s)	Start Time (s)
        3528	0.08000000	0.08000000
        3528	0.08000000	0.16000000
        3528	0.08000000	0.24000000
        3528	0.08000000	0.32000000
        3528	0.08000000	0.40000000
        3528	0.08000000	0.48000000
        3528	0.08000000	0.56000000
        3528	0.08000000	0.64000000
        3528	0.08000000	0.72000000
        3528	0.08000000	0.80000000
        3528	0.08000000	0.88000000
        3528	0.08000000	0.96000000
        3528	0.08000000	1.04000000
        3528	0.08000000	1.12000000
        3528	0.08000000	1.20000000
        3528	0.08000000	1.28000000
        3528	0.08000000	1.36000000
        3528	0.08000000	1.44000000
        3528	0.08000000	1.52000000
        3528	0.08000000	1.60000000
        3528	0.08000000	1.68000000
        3528	0.08000000	1.76000000
        3528	0.08000000	1.84000000
        3528	0.08000000	1.92000000
        3528	0.08000000	2.00000000
        3528	0.08000000	2.08000000
        3528	0.08000000	2.16000000
        3528	0.08000000	2.24000000
        3528	0.08000000	2.32000000
        3528	0.08000000	2.40000000
        3528	0.08000000	2.48000000
