Input file: /Users/xutianle/Desktop/Stimuli/Andrew_Raw_Sounds/BF Sound 4.wav	Stim Type: ir	Input length: 1657 samples
Target IOI: 0.0400 s	Actual Avg IOI: 0.04000 s (1764.01613 samp)
Interval StdDev: 0.00149 s (65.55250 samp)	Max deviation: 0.0500 s	Min std dev: 0.00001 s
Gap Noise:

Interval (samp)	Interval (s)	Start Time (s)
        1779	0.04034014	0.04034014
        1720	0.03900227	0.07934240
        1791	0.04061224	0.11995465
        1724	0.03909297	0.15904762
        1865	0.04229025	0.20133787
        1730	0.03922902	0.24056689
        1832	0.04154195	0.28210884
        1781	0.04038549	0.32249433
        1813	0.04111111	0.36360544
        1866	0.04231293	0.40591837
        1845	0.04183673	0.44775510
        1813	0.04111111	0.48886621
        1851	0.04197279	0.53083900
        1685	0.03820862	0.56904762
        1869	0.04238095	0.61142857
        1815	0.04115646	0.65258503
        1665	0.03775510	0.69034014
        1669	0.03784580	0.72818594
        1698	0.03850340	0.76668934
        1838	0.04167800	0.80836735
        1774	0.04022676	0.84859410
        1664	0.03773243	0.88632653
        1697	0.03848073	0.92480726
        1764	0.04000000	0.96480726
        1856	0.04208617	1.00689342
        1733	0.03929705	1.04619048
        1825	0.04138322	1.08757370
        1674	0.03795918	1.12553288
        1700	0.03854875	1.16408163
        1847	0.04188209	1.20596372
        1859	0.04215420	1.24811791
        1796	0.04072562	1.28884354
        1658	0.03759637	1.32643991
        1682	0.03814059	1.36458050
        1852	0.04199546	1.40657596
        1862	0.04222222	1.44879819
        1734	0.03931973	1.48811791
        1757	0.03984127	1.52795918
        1762	0.03995465	1.56791383
        1752	0.03972789	1.60764172
        1820	0.04126984	1.64891156
        1804	0.04090703	1.68981859
        1751	0.03970522	1.72952381
        1813	0.04111111	1.77063492
        1743	0.03952381	1.81015873
        1717	0.03893424	1.84909297
        1678	0.03804989	1.88714286
        1744	0.03954649	1.92668934
        1861	0.04219955	1.96888889
        1755	0.03979592	2.00868481
        1805	0.04092971	2.04961451
        1717	0.03893424	2.08854875
        1783	0.04043084	2.12897959
        1689	0.03829932	2.16727891
        1723	0.03907029	2.20634921
        1696	0.03845805	2.24480726
        1659	0.03761905	2.28242630
        1736	0.03936508	2.32179138
        1748	0.03963719	2.36142857
        1699	0.03852608	2.39995465
        1838	0.04167800	2.44163265
        1693	0.03839002	2.48002268
