Input file: /Users/xutianle/Desktop/Stimuli/Andrew_Raw_Sounds/BF Sound 4.wav	Stim Type: reg	Input length: 1657 samples
Target IOI: 0.0550 s	Actual Avg IOI: 0.05500 s (2426.00000 samp)
Interval StdDev: 0.00000 s (0.00000 samp)	Max deviation: 0.0500 s	Min std dev: 0.00001 s
Gap Noise:

Interval (samp)	Interval (s)	Start Time (s)
        2426	0.05501134	0.05501134
        2426	0.05501134	0.11002268
        2426	0.05501134	0.16503401
        2426	0.05501134	0.22004535
        2426	0.05501134	0.27505669
        2426	0.05501134	0.33006803
        2426	0.05501134	0.38507937
        2426	0.05501134	0.44009070
        2426	0.05501134	0.49510204
        2426	0.05501134	0.55011338
        2426	0.05501134	0.60512472
        2426	0.05501134	0.66013605
        2426	0.05501134	0.71514739
        2426	0.05501134	0.77015873
        2426	0.05501134	0.82517007
        2426	0.05501134	0.88018141
        2426	0.05501134	0.93519274
        2426	0.05501134	0.99020408
        2426	0.05501134	1.04521542
        2426	0.05501134	1.10022676
        2426	0.05501134	1.15523810
        2426	0.05501134	1.21024943
        2426	0.05501134	1.26526077
        2426	0.05501134	1.32027211
        2426	0.05501134	1.37528345
        2426	0.05501134	1.43029478
        2426	0.05501134	1.48530612
        2426	0.05501134	1.54031746
        2426	0.05501134	1.59532880
        2426	0.05501134	1.65034014
        2426	0.05501134	1.70535147
        2426	0.05501134	1.76036281
        2426	0.05501134	1.81537415
        2426	0.05501134	1.87038549
        2426	0.05501134	1.92539683
        2426	0.05501134	1.98040816
        2426	0.05501134	2.03541950
        2426	0.05501134	2.09043084
        2426	0.05501134	2.14544218
        2426	0.05501134	2.20045351
        2426	0.05501134	2.25546485
        2426	0.05501134	2.31047619
        2426	0.05501134	2.36548753
        2426	0.05501134	2.42049887
        2426	0.05501134	2.47551020
