Input file: /Users/xutianle/Desktop/Stimuli/Andrew_Raw_Sounds/BF Sound 4.wav	Stim Type: ir	Input length: 1657 samples
Target IOI: 0.0700 s	Actual Avg IOI: 0.07000 s (3087.00000 samp)
Interval StdDev: 0.02033 s (896.36436 samp)	Max deviation: 0.0500 s	Min std dev: 0.00001 s
Gap Noise:

Interval (samp)	Interval (s)	Start Time (s)
        1763	0.03997732	0.03997732
        4484	0.10167800	0.14165533
        3813	0.08646259	0.22811791
        4092	0.09278912	0.32090703
        2066	0.04684807	0.36775510
        1952	0.04426304	0.41201814
        3429	0.07775510	0.48977324
        1830	0.04149660	0.53126984
        2402	0.05446712	0.58573696
        2070	0.04693878	0.63267574
        2687	0.06092971	0.69360544
        3218	0.07297052	0.76657596
        3440	0.07800454	0.84458050
        3640	0.08253968	0.92712018
        3126	0.07088435	0.99800454
        3626	0.08222222	1.08022676
        4351	0.09866213	1.17888889
        4482	0.10163265	1.28052154
        3139	0.07117914	1.35170068
        3681	0.08346939	1.43517007
        2028	0.04598639	1.48115646
        3399	0.07707483	1.55823129
        4170	0.09455782	1.65278912
        4282	0.09709751	1.74988662
        2572	0.05832200	1.80820862
        1718	0.03895692	1.84716553
        4111	0.09321995	1.94038549
        4344	0.09850340	2.03888889
        3164	0.07174603	2.11063492
        2459	0.05575964	2.16639456
        3058	0.06934240	2.23573696
        2486	0.05637188	2.29210884
        2003	0.04541950	2.33752834
        1988	0.04507937	2.38260771
        2972	0.06739229	2.45000000
