Input file: /Users/xutianle/Desktop/Stimuli/Andrew_Raw_Sounds/BF Sound 4.wav	Stim Type: ir	Input length: 1657 samples
Target IOI: 0.0800 s	Actual Avg IOI: 0.08000 s (3527.96774 samp)
Interval StdDev: 0.02448 s (1079.59259 samp)	Max deviation: 0.0500 s	Min std dev: 0.00100 s
Gap Noise:

Interval (samp)	Interval (s)	Start Time (s)
        4457	0.10106576	0.10106576
        2746	0.06226757	0.16333333
        4985	0.11303855	0.27637188
        4596	0.10421769	0.38058957
        1781	0.04038549	0.42097506
        2003	0.04541950	0.46639456
        4209	0.09544218	0.56183673
        2601	0.05897959	0.62081633
        2179	0.04941043	0.67022676
        2724	0.06176871	0.73199546
        3613	0.08192744	0.81392290
        4460	0.10113379	0.91505669
        4372	0.09913832	1.01419501
        4411	0.10002268	1.11421769
        5378	0.12195011	1.23616780
        5253	0.11911565	1.35528345
        4940	0.11201814	1.46730159
        2331	0.05285714	1.52015873
        3557	0.08065760	1.60081633
        2389	0.05417234	1.65498866
        4046	0.09174603	1.74673469
        3649	0.08274376	1.82947846
        1878	0.04258503	1.87206349
        2543	0.05766440	1.92972789
        2662	0.06036281	1.99009070
        4675	0.10600907	2.09609977
        3533	0.08011338	2.17621315
        3098	0.07024943	2.24646259
        2766	0.06272109	2.30918367
        4336	0.09832200	2.40750567
        3196	0.07247166	2.47997732
