Input file: /Users/xutianle/Desktop/Stimuli/Andrew_Raw_Sounds/BF Sound 4.wav	Stim Type: ir	Input length: 1657 samples
Target IOI: 0.0690 s	Actual Avg IOI: 0.06900 s (3042.97222 samp)
Interval StdDev: 0.01966 s (867.11599 samp)	Max deviation: 0.0500 s	Min std dev: 0.00001 s
Gap Noise:

Interval (samp)	Interval (s)	Start Time (s)
        3810	0.08639456	0.08639456
        2264	0.05133787	0.13773243
        2396	0.05433107	0.19206349
        2319	0.05258503	0.24464853
        3679	0.08342404	0.32807256
        3326	0.07541950	0.40349206
        4424	0.10031746	0.50380952
        2377	0.05390023	0.55770975
        1952	0.04426304	0.60197279
        4411	0.10002268	0.70199546
        2768	0.06276644	0.76476190
        4373	0.09916100	0.86392290
        2731	0.06192744	0.92585034
        3522	0.07986395	1.00571429
        2292	0.05197279	1.05768707
        3678	0.08340136	1.14108844
        2630	0.05963719	1.20072562
        2561	0.05807256	1.25879819
        2070	0.04693878	1.30573696
        3474	0.07877551	1.38451247
        2156	0.04888889	1.43340136
        2901	0.06578231	1.49918367
        4227	0.09585034	1.59503401
        4098	0.09292517	1.68795918
        3702	0.08394558	1.77190476
        2034	0.04612245	1.81802721
        4077	0.09244898	1.91047619
        1755	0.03979592	1.95027211
        2213	0.05018141	2.00045351
        4051	0.09185941	2.09231293
        4104	0.09306122	2.18537415
        2037	0.04619048	2.23156463
        2116	0.04798186	2.27954649
        2841	0.06442177	2.34396825
        3913	0.08873016	2.43269841
        2265	0.05136054	2.48405896
