Input file: /Users/xutianle/Desktop/Stimuli/Andrew_Raw_Sounds/BF Sound 4.wav	Stim Type: reg	Input length: 1657 samples
Target IOI: 0.0480 s	Actual Avg IOI: 0.04800 s (2117.00000 samp)
Interval StdDev: 0.00000 s (0.00000 samp)	Max deviation: 0.0500 s	Min std dev: 0.00001 s
Gap Noise:

Interval (samp)	Interval (s)	Start Time (s)
        2117	0.04800454	0.04800454
        2117	0.04800454	0.09600907
        2117	0.04800454	0.14401361
        2117	0.04800454	0.19201814
        2117	0.04800454	0.24002268
        2117	0.04800454	0.28802721
        2117	0.04800454	0.33603175
        2117	0.04800454	0.38403628
        2117	0.04800454	0.43204082
        2117	0.04800454	0.48004535
        2117	0.04800454	0.52804989
        2117	0.04800454	0.57605442
        2117	0.04800454	0.62405896
        2117	0.04800454	0.67206349
        2117	0.04800454	0.72006803
        2117	0.04800454	0.76807256
        2117	0.04800454	0.81607710
        2117	0.04800454	0.86408163
        2117	0.04800454	0.91208617
        2117	0.04800454	0.96009070
        2117	0.04800454	1.00809524
        2117	0.04800454	1.05609977
        2117	0.04800454	1.10410431
        2117	0.04800454	1.15210884
        2117	0.04800454	1.20011338
        2117	0.04800454	1.24811791
        2117	0.04800454	1.29612245
        2117	0.04800454	1.34412698
        2117	0.04800454	1.39213152
        2117	0.04800454	1.44013605
        2117	0.04800454	1.48814059
        2117	0.04800454	1.53614512
        2117	0.04800454	1.58414966
        2117	0.04800454	1.63215420
        2117	0.04800454	1.68015873
        2117	0.04800454	1.72816327
        2117	0.04800454	1.77616780
        2117	0.04800454	1.82417234
        2117	0.04800454	1.87217687
        2117	0.04800454	1.92018141
        2117	0.04800454	1.96818594
        2117	0.04800454	2.01619048
        2117	0.04800454	2.06419501
        2117	0.04800454	2.11219955
        2117	0.04800454	2.16020408
        2117	0.04800454	2.20820862
        2117	0.04800454	2.25621315
        2117	0.04800454	2.30421769
        2117	0.04800454	2.35222222
        2117	0.04800454	2.40022676
        2117	0.04800454	2.44823129
        2117	0.04800454	2.49623583
