Input file: /Users/xutianle/Desktop/Stimuli/Andrew_Raw_Sounds/BF Sound 4.wav	Stim Type: reg	Input length: 1657 samples
Target IOI: 0.0750 s	Actual Avg IOI: 0.07500 s (3308.00000 samp)
Interval StdDev: 0.00000 s (0.00000 samp)	Max deviation: 0.0500 s	Min std dev: 0.00001 s
Gap Noise:

Interval (samp)	Interval (s)	Start Time (s)
        3308	0.07501134	0.07501134
        3308	0.07501134	0.15002268
        3308	0.07501134	0.22503401
        3308	0.07501134	0.30004535
        3308	0.07501134	0.37505669
        3308	0.07501134	0.45006803
        3308	0.07501134	0.52507937
        3308	0.07501134	0.60009070
        3308	0.07501134	0.67510204
        3308	0.07501134	0.75011338
        3308	0.07501134	0.82512472
        3308	0.07501134	0.90013605
        3308	0.07501134	0.97514739
        3308	0.07501134	1.05015873
        3308	0.07501134	1.12517007
        3308	0.07501134	1.20018141
        3308	0.07501134	1.27519274
        3308	0.07501134	1.35020408
        3308	0.07501134	1.42521542
        3308	0.07501134	1.50022676
        3308	0.07501134	1.57523810
        3308	0.07501134	1.65024943
        3308	0.07501134	1.72526077
        3308	0.07501134	1.80027211
        3308	0.07501134	1.87528345
        3308	0.07501134	1.95029478
        3308	0.07501134	2.02530612
        3308	0.07501134	2.10031746
        3308	0.07501134	2.17532880
        3308	0.07501134	2.25034014
        3308	0.07501134	2.32535147
        3308	0.07501134	2.40036281
        3308	0.07501134	2.47537415
