Input file: /Users/xutianle/Desktop/Stimuli/Andrew_Raw_Sounds/BF Sound 4.wav	Stim Type: ir	Input length: 1657 samples
Target IOI: 0.0540 s	Actual Avg IOI: 0.05399 s (2380.97826 samp)
Interval StdDev: 0.01090 s (480.60117 samp)	Max deviation: 0.0500 s	Min std dev: 0.00001 s
Gap Noise:

Interval (samp)	Interval (s)	Start Time (s)
        3100	0.07029478	0.07029478
        2418	0.05482993	0.12512472
        2218	0.05029478	0.17541950
        2933	0.06650794	0.24192744
        2760	0.06258503	0.30451247
        2908	0.06594104	0.37045351
        1732	0.03927438	0.40972789
        2046	0.04639456	0.45612245
        2092	0.04743764	0.50356009
        1691	0.03834467	0.54190476
        2514	0.05700680	0.59891156
        1911	0.04333333	0.64224490
        2978	0.06752834	0.70977324
        2737	0.06206349	0.77183673
        2908	0.06594104	0.83777778
        1761	0.03993197	0.87770975
        2305	0.05226757	0.92997732
        3041	0.06895692	0.99893424
        1802	0.04086168	1.03979592
        2234	0.05065760	1.09045351
        1712	0.03882086	1.12927438
        2138	0.04848073	1.17775510
        2222	0.05038549	1.22814059
        2986	0.06770975	1.29585034
        3090	0.07006803	1.36591837
        2908	0.06594104	1.43185941
        2831	0.06419501	1.49605442
        3020	0.06848073	1.56453515
        2611	0.05920635	1.62374150
        1708	0.03873016	1.66247166
        2680	0.06077098	1.72324263
        1665	0.03775510	1.76099773
        2446	0.05546485	1.81646259
        2843	0.06446712	1.88092971
        1936	0.04390023	1.92482993
        2134	0.04839002	1.97321995
        1852	0.04199546	2.01521542
        2285	0.05181406	2.06702948
        2929	0.06641723	2.13344671
        2600	0.05895692	2.19240363
        2438	0.05528345	2.24768707
        2169	0.04918367	2.29687075
        2832	0.06421769	2.36108844
        2022	0.04585034	2.40693878
        1689	0.03829932	2.44523810
        1690	0.03832200	2.48356009
