Input file: /Users/xutianle/Desktop/Stimuli/Andrew_Raw_Sounds/BF Sound 4.wav	Stim Type: ir	Input length: 1657 samples
Target IOI: 0.0470 s	Actual Avg IOI: 0.04701 s (2073.00000 samp)
Interval StdDev: 0.00559 s (246.43699 samp)	Max deviation: 0.0500 s	Min std dev: 0.00001 s
Gap Noise:

Interval (samp)	Interval (s)	Start Time (s)
        1707	0.03870748	0.03870748
        2368	0.05369615	0.09240363
        1765	0.04002268	0.13242630
        2127	0.04823129	0.18065760
        2173	0.04927438	0.22993197
        2478	0.05619048	0.28612245
        1968	0.04462585	0.33074830
        2073	0.04700680	0.37775510
        2334	0.05292517	0.43068027
        1993	0.04519274	0.47587302
        2096	0.04752834	0.52340136
        1887	0.04278912	0.56619048
        1686	0.03823129	0.60442177
        2432	0.05514739	0.65956916
        2393	0.05426304	0.71383220
        2174	0.04929705	0.76312925
        1981	0.04492063	0.80804989
        1881	0.04265306	0.85070295
        2446	0.05546485	0.90616780
        2480	0.05623583	0.96240363
        1946	0.04412698	1.00653061
        1824	0.04136054	1.04789116
        2318	0.05256236	1.10045351
        1713	0.03884354	1.13929705
        2324	0.05269841	1.19199546
        2128	0.04825397	1.24024943
        2168	0.04916100	1.28941043
        2249	0.05099773	1.34040816
        1978	0.04485261	1.38526077
        1672	0.03791383	1.42317460
        1852	0.04199546	1.46517007
        2228	0.05052154	1.51569161
        2193	0.04972789	1.56541950
        2300	0.05215420	1.61757370
        2009	0.04555556	1.66312925
        2094	0.04748299	1.71061224
        2246	0.05092971	1.76154195
        1825	0.04138322	1.80292517
        2001	0.04537415	1.84829932
        1777	0.04029478	1.88859410
        2030	0.04603175	1.93462585
        2323	0.05267574	1.98730159
        2153	0.04882086	2.03612245
        2477	0.05616780	2.09229025
        1822	0.04131519	2.13360544
        1816	0.04117914	2.17478458
        2405	0.05453515	2.22931973
        1784	0.04045351	2.26977324
        2311	0.05240363	2.32217687
        1760	0.03990930	2.36208617
        2194	0.04975057	2.41183673
        1784	0.04045351	2.45229025
        1723	0.03907029	2.49136054
