Input file: /Users/xutianle/Desktop/Stimuli/Andrew_Raw_Sounds/BF Sound 4.wav	Stim Type: ir	Input length: 1657 samples
Target IOI: 0.0420 s	Actual Avg IOI: 0.04200 s (1851.98305 samp)
Interval StdDev: 0.00251 s (110.68431 samp)	Max deviation: 0.0500 s	Min std dev: 0.00001 s
Gap Noise:

Interval (samp)	Interval (s)	Start Time (s)
        1667	0.03780045	0.03780045
        1741	0.03947846	0.07727891
        1803	0.04088435	0.11816327
        2023	0.04587302	0.16403628
        2006	0.04548753	0.20952381
        1765	0.04002268	0.24954649
        1692	0.03836735	0.28791383
        2047	0.04641723	0.33433107
        1824	0.04136054	0.37569161
        1684	0.03818594	0.41387755
        1961	0.04446712	0.45834467
        1773	0.04020408	0.49854875
        1851	0.04197279	0.54052154
        1918	0.04349206	0.58401361
        1899	0.04306122	0.62707483
        1826	0.04140590	0.66848073
        1782	0.04040816	0.70888889
        1881	0.04265306	0.75154195
        2046	0.04639456	0.79793651
        1710	0.03877551	0.83671202
        1692	0.03836735	0.87507937
        1862	0.04222222	0.91730159
        1973	0.04473923	0.96204082
        1863	0.04224490	1.00428571
        1923	0.04360544	1.04789116
        1916	0.04344671	1.09133787
        1757	0.03984127	1.13117914
        1910	0.04331066	1.17448980
        1854	0.04204082	1.21653061
        1756	0.03981859	1.25634921
        1875	0.04251701	1.29886621
        1739	0.03943311	1.33829932
        1831	0.04151927	1.37981859
        1717	0.03893424	1.41875283
        1785	0.04047619	1.45922902
        2039	0.04623583	1.50546485
        1822	0.04131519	1.54678005
        1965	0.04455782	1.59133787
        1783	0.04043084	1.63176871
        1828	0.04145125	1.67321995
        1657	0.03757370	1.71079365
        1719	0.03897959	1.74977324
        2015	0.04569161	1.79546485
        1993	0.04519274	1.84065760
        1991	0.04514739	1.88580499
        1853	0.04201814	1.92782313
        1926	0.04367347	1.97149660
        1735	0.03934240	2.01083900
        1835	0.04160998	2.05244898
        1860	0.04217687	2.09462585
        1710	0.03877551	2.13340136
        1884	0.04272109	2.17612245
        2043	0.04632653	2.22244898
        1738	0.03941043	2.26185941
        2032	0.04607710	2.30793651
        1817	0.04120181	2.34913832
        1933	0.04383220	2.39297052
        1921	0.04356009	2.43653061
        1816	0.04117914	2.47770975
