Input file: /Users/xutianle/Desktop/Stimuli/Andrew_Raw_Sounds/BF Sound 4.wav	Stim Type: reg	Input length: 1657 samples
Target IOI: 0.0870 s	Actual Avg IOI: 0.08700 s (3837.00000 samp)
Interval StdDev: 0.00000 s (0.00000 samp)	Max deviation: 0.0500 s	Min std dev: 0.00100 s
Gap Noise:

Interval (samp)	Interval (s)	Start Time (s)
        3837	0.08700680	0.08700680
        3837	0.08700680	0.17401361
        3837	0.08700680	0.26102041
        3837	0.08700680	0.34802721
        3837	0.08700680	0.43503401
        3837	0.08700680	0.52204082
        3837	0.08700680	0.60904762
        3837	0.08700680	0.69605442
        3837	0.08700680	0.78306122
        3837	0.08700680	0.87006803
        3837	0.08700680	0.95707483
        3837	0.08700680	1.04408163
        3837	0.08700680	1.13108844
        3837	0.08700680	1.21809524
        3837	0.08700680	1.30510204
        3837	0.08700680	1.39210884
        3837	0.08700680	1.47911565
        3837	0.08700680	1.56612245
        3837	0.08700680	1.65312925
        3837	0.08700680	1.74013605
        3837	0.08700680	1.82714286
        3837	0.08700680	1.91414966
        3837	0.08700680	2.00115646
        3837	0.08700680	2.08816327
        3837	0.08700680	2.17517007
        3837	0.08700680	2.26217687
        3837	0.08700680	2.34918367
        3837	0.08700680	2.43619048
