Input file: /Users/xutianle/Desktop/Stimuli/Andrew_Raw_Sounds/BF Sound 4.wav	Stim Type: ir	Input length: 1657 samples
Target IOI: 0.0510 s	Actual Avg IOI: 0.05100 s (2249.02041 samp)
Interval StdDev: 0.00686 s (302.44603 samp)	Max deviation: 0.0500 s	Min std dev: 0.00001 s
Gap Noise:

Interval (samp)	Interval (s)	Start Time (s)
        2364	0.05360544	0.05360544
        2375	0.05385488	0.10746032
        2153	0.04882086	0.15628118
        2156	0.04888889	0.20517007
        1833	0.04156463	0.24673469
        1853	0.04201814	0.28875283
        2356	0.05342404	0.34217687
        1802	0.04086168	0.38303855
        2420	0.05487528	0.43791383
        2636	0.05977324	0.49768707
        2708	0.06140590	0.55909297
        1802	0.04086168	0.59995465
        1882	0.04267574	0.64263039
        2563	0.05811791	0.70074830
        2628	0.05959184	0.76034014
        2267	0.05140590	0.81174603
        1703	0.03861678	0.85036281
        2396	0.05433107	0.90469388
        2716	0.06158730	0.96628118
        2271	0.05149660	1.01777778
        2503	0.05675737	1.07453515
        2514	0.05700680	1.13154195
        2097	0.04755102	1.17909297
        2254	0.05111111	1.23020408
        2011	0.04560091	1.27580499
        2030	0.04603175	1.32183673
        2296	0.05206349	1.37390023
        1783	0.04043084	1.41433107
        2065	0.04682540	1.46115646
        2535	0.05748299	1.51863946
        1817	0.04120181	1.55984127
        2243	0.05086168	1.61070295
        2644	0.05995465	1.67065760
        2579	0.05848073	1.72913832
        2485	0.05634921	1.78548753
        1995	0.04523810	1.83072562
        1975	0.04478458	1.87551020
        2027	0.04596372	1.92147392
        2462	0.05582766	1.97730159
        1924	0.04362812	2.02092971
        2746	0.06226757	2.08319728
        2737	0.06206349	2.14526077
        2215	0.05022676	2.19548753
        1877	0.04256236	2.23804989
        2267	0.05140590	2.28945578
        2687	0.06092971	2.35038549
        2139	0.04850340	2.39888889
        2105	0.04773243	2.44662132
        2306	0.05229025	2.49891156
