Input file: /Users/xutianle/Desktop/Stimuli/Andrew_Raw_Sounds/BF Sound 4.wav	Stim Type: reg	Input length: 1657 samples
Target IOI: 0.0690 s	Actual Avg IOI: 0.06900 s (3043.00000 samp)
Interval StdDev: 0.00000 s (0.00000 samp)	Max deviation: 0.0500 s	Min std dev: 0.00001 s
Gap Noise:

Interval (samp)	Interval (s)	Start Time (s)
        3043	0.06900227	0.06900227
        3043	0.06900227	0.13800454
        3043	0.06900227	0.20700680
        3043	0.06900227	0.27600907
        3043	0.06900227	0.34501134
        3043	0.06900227	0.41401361
        3043	0.06900227	0.48301587
        3043	0.06900227	0.55201814
        3043	0.06900227	0.62102041
        3043	0.06900227	0.69002268
        3043	0.06900227	0.75902494
        3043	0.06900227	0.82802721
        3043	0.06900227	0.89702948
        3043	0.06900227	0.96603175
        3043	0.06900227	1.03503401
        3043	0.06900227	1.10403628
        3043	0.06900227	1.17303855
        3043	0.06900227	1.24204082
        3043	0.06900227	1.31104308
        3043	0.06900227	1.38004535
        3043	0.06900227	1.44904762
        3043	0.06900227	1.51804989
        3043	0.06900227	1.58705215
        3043	0.06900227	1.65605442
        3043	0.06900227	1.72505669
        3043	0.06900227	1.79405896
        3043	0.06900227	1.86306122
        3043	0.06900227	1.93206349
        3043	0.06900227	2.00106576
        3043	0.06900227	2.07006803
        3043	0.06900227	2.13907029
        3043	0.06900227	2.20807256
        3043	0.06900227	2.27707483
        3043	0.06900227	2.34607710
        3043	0.06900227	2.41507937
        3043	0.06900227	2.48408163
