Input file: /Users/xutianle/Desktop/Stimuli/Andrew_Raw_Sounds/BF Sound 4.wav	Stim Type: ir	Input length: 1657 samples
Target IOI: 0.0870 s	Actual Avg IOI: 0.08701 s (3837.00000 samp)
Interval StdDev: 0.02789 s (1230.15506 samp)	Max deviation: 0.0500 s	Min std dev: 0.00100 s
Gap Noise:

Interval (samp)	Interval (s)	Start Time (s)
        2605	0.05907029	0.05907029
        5370	0.12176871	0.18083900
        5239	0.11879819	0.29963719
        1825	0.04138322	0.34102041
        2547	0.05775510	0.39877551
        1930	0.04376417	0.44253968
        3288	0.07455782	0.51709751
        3947	0.08950113	0.60659864
        3927	0.08904762	0.69564626
        4661	0.10569161	0.80133787
        3941	0.08936508	0.89070295
        4635	0.10510204	0.99580499
        3361	0.07621315	1.07201814
        2027	0.04596372	1.11798186
        5247	0.11897959	1.23696145
        2269	0.05145125	1.28841270
        4562	0.10344671	1.39185941
        5561	0.12609977	1.51795918
        3785	0.08582766	1.60378685
        4176	0.09469388	1.69848073
        5297	0.12011338	1.81859410
        5381	0.12201814	1.94061224
        3229	0.07321995	2.01383220
        5037	0.11421769	2.12804989
        2126	0.04820862	2.17625850
        3854	0.08739229	2.26365079
        5071	0.11498866	2.37863946
        2538	0.05755102	2.43619048
