Input file: /Users/xutianle/Desktop/Stimuli/Andrew_Raw_Sounds/BF Sound 4.wav	Stim Type: reg	Input length: 1657 samples
Target IOI: 0.0610 s	Actual Avg IOI: 0.06100 s (2690.00000 samp)
Interval StdDev: 0.00000 s (0.00000 samp)	Max deviation: 0.0500 s	Min std dev: 0.00001 s
Gap Noise:

Interval (samp)	Interval (s)	Start Time (s)
        2690	0.06099773	0.06099773
        2690	0.06099773	0.12199546
        2690	0.06099773	0.18299320
        2690	0.06099773	0.24399093
        2690	0.06099773	0.30498866
        2690	0.06099773	0.36598639
        2690	0.06099773	0.42698413
        2690	0.06099773	0.48798186
        2690	0.06099773	0.54897959
        2690	0.06099773	0.60997732
        2690	0.06099773	0.67097506
        2690	0.06099773	0.73197279
        2690	0.06099773	0.79297052
        2690	0.06099773	0.85396825
        2690	0.06099773	0.91496599
        2690	0.06099773	0.97596372
        2690	0.06099773	1.03696145
        2690	0.06099773	1.09795918
        2690	0.06099773	1.15895692
        2690	0.06099773	1.21995465
        2690	0.06099773	1.28095238
        2690	0.06099773	1.34195011
        2690	0.06099773	1.40294785
        2690	0.06099773	1.46394558
        2690	0.06099773	1.52494331
        2690	0.06099773	1.58594104
        2690	0.06099773	1.64693878
        2690	0.06099773	1.70793651
        2690	0.06099773	1.76893424
        2690	0.06099773	1.82993197
        2690	0.06099773	1.89092971
        2690	0.06099773	1.95192744
        2690	0.06099773	2.01292517
        2690	0.06099773	2.07392290
        2690	0.06099773	2.13492063
        2690	0.06099773	2.19591837
        2690	0.06099773	2.25691610
        2690	0.06099773	2.31791383
        2690	0.06099773	2.37891156
        2690	0.06099773	2.43990930
