Input file: /Users/xutianle/Desktop/Stimuli/Andrew_Raw_Sounds/BF Sound 4.wav	Stim Type: ir	Input length: 1657 samples
Target IOI: 0.0600 s	Actual Avg IOI: 0.06000 s (2646.02439 samp)
Interval StdDev: 0.01346 s (593.38645 samp)	Max deviation: 0.0500 s	Min std dev: 0.00001 s
Gap Noise:

Interval (samp)	Interval (s)	Start Time (s)
        2725	0.06179138	0.06179138
        1812	0.04108844	0.10287982
        3434	0.07786848	0.18074830
        1714	0.03886621	0.21961451
        1862	0.04222222	0.26183673
        2628	0.05959184	0.32142857
        1792	0.04063492	0.36206349
        1931	0.04378685	0.40585034
        2465	0.05589569	0.46174603
        3288	0.07455782	0.53630385
        3214	0.07287982	0.60918367
        3218	0.07297052	0.68215420
        2349	0.05326531	0.73541950
        2834	0.06426304	0.79968254
        2326	0.05274376	0.85242630
        3341	0.07575964	0.92818594
        2040	0.04625850	0.97444444
        3549	0.08047619	1.05492063
        3628	0.08226757	1.13718821
        3333	0.07557823	1.21276644
        2015	0.04569161	1.25845805
        2857	0.06478458	1.32324263
        2285	0.05181406	1.37505669
        1699	0.03852608	1.41358277
        2722	0.06172336	1.47530612
        3052	0.06920635	1.54451247
        3120	0.07074830	1.61526077
        3517	0.07975057	1.69501134
        2770	0.06281179	1.75782313
        2433	0.05517007	1.81299320
        2993	0.06786848	1.88086168
        2842	0.06444444	1.94530612
        2748	0.06231293	2.00761905
        2280	0.05170068	2.05931973
        2381	0.05399093	2.11331066
        1675	0.03798186	2.15129252
        3346	0.07587302	2.22716553
        2131	0.04832200	2.27548753
        2145	0.04863946	2.32412698
        3422	0.07759637	2.40172336
        2571	0.05829932	2.46002268
