Input file: /Users/xutianle/Desktop/Stimuli/Andrew_Raw_Sounds/BF Sound 4.wav	Stim Type: ir	Input length: 1657 samples
Target IOI: 0.0430 s	Actual Avg IOI: 0.04299 s (1895.98276 samp)
Interval StdDev: 0.00314 s (138.46685 samp)	Max deviation: 0.0500 s	Min std dev: 0.00001 s
Gap Noise:

Interval (samp)	Interval (s)	Start Time (s)
        1781	0.04038549	0.04038549
        1763	0.03997732	0.08036281
        1910	0.04331066	0.12367347
        1778	0.04031746	0.16399093
        1859	0.04215420	0.20614512
        2105	0.04773243	0.25387755
        2127	0.04823129	0.30210884
        1779	0.04034014	0.34244898
        2087	0.04732426	0.38977324
        1885	0.04274376	0.43251701
        1842	0.04176871	0.47428571
        2040	0.04625850	0.52054422
        2028	0.04598639	0.56653061
        2127	0.04823129	0.61476190
        1953	0.04428571	0.65904762
        1793	0.04065760	0.69970522
        1832	0.04154195	0.74124717
        1711	0.03879819	0.78004535
        2030	0.04603175	0.82607710
        1746	0.03959184	0.86566893
        1733	0.03929705	0.90496599
        1924	0.04362812	0.94859410
        2008	0.04553288	0.99412698
        2052	0.04653061	1.04065760
        2049	0.04646259	1.08712018
        1697	0.03848073	1.12560091
        1745	0.03956916	1.16517007
        1919	0.04351474	1.20868481
        1679	0.03807256	1.24675737
        1926	0.04367347	1.29043084
        1853	0.04201814	1.33244898
        1715	0.03888889	1.37133787
        1996	0.04526077	1.41659864
        1712	0.03882086	1.45541950
        2049	0.04646259	1.50188209
        2020	0.04580499	1.54768707
        1822	0.04131519	1.58900227
        2077	0.04709751	1.63609977
        2007	0.04551020	1.68160998
        1795	0.04070295	1.72231293
        2121	0.04809524	1.77040816
        1825	0.04138322	1.81179138
        1727	0.03916100	1.85095238
        1765	0.04002268	1.89097506
        1707	0.03870748	1.92968254
        1929	0.04374150	1.97342404
        2065	0.04682540	2.02024943
        1864	0.04226757	2.06251701
        1682	0.03814059	2.10065760
        1743	0.03952381	2.14018141
        1790	0.04058957	2.18077098
        1922	0.04358277	2.22435374
        1907	0.04324263	2.26759637
        2009	0.04555556	2.31315193
        1849	0.04192744	2.35507937
        2093	0.04746032	2.40253968
        2070	0.04693878	2.44947846
        1945	0.04410431	2.49358277
