Input file: /Users/xutianle/Desktop/Stimuli/Andrew_Raw_Sounds/BF Sound 4.wav	Stim Type: reg	Input length: 1657 samples
Target IOI: 0.0650 s	Actual Avg IOI: 0.06500 s (2866.00000 samp)
Interval StdDev: 0.00000 s (0.00000 samp)	Max deviation: 0.0500 s	Min std dev: 0.00001 s
Gap Noise:

Interval (samp)	Interval (s)	Start Time (s)
        2866	0.06498866	0.06498866
        2866	0.06498866	0.12997732
        2866	0.06498866	0.19496599
        2866	0.06498866	0.25995465
        2866	0.06498866	0.32494331
        2866	0.06498866	0.38993197
        2866	0.06498866	0.45492063
        2866	0.06498866	0.51990930
        2866	0.06498866	0.58489796
        2866	0.06498866	0.64988662
        2866	0.06498866	0.71487528
        2866	0.06498866	0.77986395
        2866	0.06498866	0.84485261
        2866	0.06498866	0.90984127
        2866	0.06498866	0.97482993
        2866	0.06498866	1.03981859
        2866	0.06498866	1.10480726
        2866	0.06498866	1.16979592
        2866	0.06498866	1.23478458
        2866	0.06498866	1.29977324
        2866	0.06498866	1.36476190
        2866	0.06498866	1.42975057
        2866	0.06498866	1.49473923
        2866	0.06498866	1.55972789
        2866	0.06498866	1.62471655
        2866	0.06498866	1.68970522
        2866	0.06498866	1.75469388
        2866	0.06498866	1.81968254
        2866	0.06498866	1.88467120
        2866	0.06498866	1.94965986
        2866	0.06498866	2.01464853
        2866	0.06498866	2.07963719
        2866	0.06498866	2.14462585
        2866	0.06498866	2.20961451
        2866	0.06498866	2.27460317
        2866	0.06498866	2.33959184
        2866	0.06498866	2.40458050
        2866	0.06498866	2.46956916
