Input file: /Users/xutianle/Desktop/Stimuli/Andrew_Raw_Sounds/BF Sound 4.wav	Stim Type: ir	Input length: 1657 samples
Target IOI: 0.0750 s	Actual Avg IOI: 0.07501 s (3308.00000 samp)
Interval StdDev: 0.02043 s (900.95900 samp)	Max deviation: 0.0500 s	Min std dev: 0.00001 s
Gap Noise:

Interval (samp)	Interval (s)	Start Time (s)
        4312	0.09777778	0.09777778
        2619	0.05938776	0.15716553
        3941	0.08936508	0.24653061
        2193	0.04972789	0.29625850
        4480	0.10158730	0.39784580
        2465	0.05589569	0.45374150
        3763	0.08532880	0.53907029
        4177	0.09471655	0.63378685
        2024	0.04589569	0.67968254
        2828	0.06412698	0.74380952
        3611	0.08188209	0.82569161
        4888	0.11083900	0.93653061
        3995	0.09058957	1.02712018
        2414	0.05473923	1.08185941
        2857	0.06478458	1.14664399
        2779	0.06301587	1.20965986
        3620	0.08208617	1.29174603
        1787	0.04052154	1.33226757
        1739	0.03943311	1.37170068
        4051	0.09185941	1.46356009
        1918	0.04349206	1.50705215
        4717	0.10696145	1.61401361
        2823	0.06401361	1.67802721
        3100	0.07029478	1.74832200
        3054	0.06925170	1.81757370
        3218	0.07297052	1.89054422
        2255	0.05113379	1.94167800
        3424	0.07764172	2.01931973
        4003	0.09077098	2.11009070
        3817	0.08655329	2.19664399
        4192	0.09505669	2.29170068
        4315	0.09784580	2.38954649
        3785	0.08582766	2.47537415
