Input file: /Users/xutianle/Desktop/Stimuli/Andrew_Raw_Sounds/BF Sound 4.wav	Stim Type: reg	Input length: 1657 samples
Target IOI: 0.0420 s	Actual Avg IOI: 0.04200 s (1852.00000 samp)
Interval StdDev: 0.00000 s (0.00000 samp)	Max deviation: 0.0500 s	Min std dev: 0.00001 s
Gap Noise:

Interval (samp)	Interval (s)	Start Time (s)
        1852	0.04199546	0.04199546
        1852	0.04199546	0.08399093
        1852	0.04199546	0.12598639
        1852	0.04199546	0.16798186
        1852	0.04199546	0.20997732
        1852	0.04199546	0.25197279
        1852	0.04199546	0.29396825
        1852	0.04199546	0.33596372
        1852	0.04199546	0.37795918
        1852	0.04199546	0.41995465
        1852	0.04199546	0.46195011
        1852	0.04199546	0.50394558
        1852	0.04199546	0.54594104
        1852	0.04199546	0.58793651
        1852	0.04199546	0.62993197
        1852	0.04199546	0.67192744
        1852	0.04199546	0.71392290
        1852	0.04199546	0.75591837
        1852	0.04199546	0.79791383
        1852	0.04199546	0.83990930
        1852	0.04199546	0.88190476
        1852	0.04199546	0.92390023
        1852	0.04199546	0.96589569
        1852	0.04199546	1.00789116
        1852	0.04199546	1.04988662
        1852	0.04199546	1.09188209
        1852	0.04199546	1.13387755
        1852	0.04199546	1.17587302
        1852	0.04199546	1.21786848
        1852	0.04199546	1.25986395
        1852	0.04199546	1.30185941
        1852	0.04199546	1.34385488
        1852	0.04199546	1.38585034
        1852	0.04199546	1.42784580
        1852	0.04199546	1.46984127
        1852	0.04199546	1.51183673
        1852	0.04199546	1.55383220
        1852	0.04199546	1.59582766
        1852	0.04199546	1.63782313
        1852	0.04199546	1.67981859
        1852	0.04199546	1.72181406
        1852	0.04199546	1.76380952
        1852	0.04199546	1.80580499
        1852	0.04199546	1.84780045
        1852	0.04199546	1.88979592
        1852	0.04199546	1.93179138
        1852	0.04199546	1.97378685
        1852	0.04199546	2.01578231
        1852	0.04199546	2.05777778
        1852	0.04199546	2.09977324
        1852	0.04199546	2.14176871
        1852	0.04199546	2.18376417
        1852	0.04199546	2.22575964
        1852	0.04199546	2.26775510
        1852	0.04199546	2.30975057
        1852	0.04199546	2.35174603
        1852	0.04199546	2.39374150
        1852	0.04199546	2.43573696
        1852	0.04199546	2.47773243
