Input file: /Users/xutianle/Desktop/Stimuli/Andrew_Raw_Sounds/BF Sound 4.wav	Stim Type: reg	Input length: 1657 samples
Target IOI: 0.0470 s	Actual Avg IOI: 0.04700 s (2073.00000 samp)
Interval StdDev: 0.00000 s (0.00000 samp)	Max deviation: 0.0500 s	Min std dev: 0.00001 s
Gap Noise:

Interval (samp)	Interval (s)	Start Time (s)
        2073	0.04700680	0.04700680
        2073	0.04700680	0.09401361
        2073	0.04700680	0.14102041
        2073	0.04700680	0.18802721
        2073	0.04700680	0.23503401
        2073	0.04700680	0.28204082
        2073	0.04700680	0.32904762
        2073	0.04700680	0.37605442
        2073	0.04700680	0.42306122
        2073	0.04700680	0.47006803
        2073	0.04700680	0.51707483
        2073	0.04700680	0.56408163
        2073	0.04700680	0.61108844
        2073	0.04700680	0.65809524
        2073	0.04700680	0.70510204
        2073	0.04700680	0.75210884
        2073	0.04700680	0.79911565
        2073	0.04700680	0.84612245
        2073	0.04700680	0.89312925
        2073	0.04700680	0.94013605
        2073	0.04700680	0.98714286
        2073	0.04700680	1.03414966
        2073	0.04700680	1.08115646
        2073	0.04700680	1.12816327
        2073	0.04700680	1.17517007
        2073	0.04700680	1.22217687
        2073	0.04700680	1.26918367
        2073	0.04700680	1.31619048
        2073	0.04700680	1.36319728
        2073	0.04700680	1.41020408
        2073	0.04700680	1.45721088
        2073	0.04700680	1.50421769
        2073	0.04700680	1.55122449
        2073	0.04700680	1.59823129
        2073	0.04700680	1.64523810
        2073	0.04700680	1.69224490
        2073	0.04700680	1.73925170
        2073	0.04700680	1.78625850
        2073	0.04700680	1.83326531
        2073	0.04700680	1.88027211
        2073	0.04700680	1.92727891
        2073	0.04700680	1.97428571
        2073	0.04700680	2.02129252
        2073	0.04700680	2.06829932
        2073	0.04700680	2.11530612
        2073	0.04700680	2.16231293
        2073	0.04700680	2.20931973
        2073	0.04700680	2.25632653
        2073	0.04700680	2.30333333
        2073	0.04700680	2.35034014
        2073	0.04700680	2.39734694
        2073	0.04700680	2.44435374
        2073	0.04700680	2.49136054
