Input file: /Users/xutianle/Desktop/Stimuli/Andrew_Raw_Sounds/BF Sound 4.wav	Stim Type: reg	Input length: 1657 samples
Target IOI: 0.0710 s	Actual Avg IOI: 0.07100 s (3131.00000 samp)
Interval StdDev: 0.00000 s (0.00000 samp)	Max deviation: 0.0500 s	Min std dev: 0.00001 s
Gap Noise:

Interval (samp)	Interval (s)	Start Time (s)
        3131	0.07099773	0.07099773
        3131	0.07099773	0.14199546
        3131	0.07099773	0.21299320
        3131	0.07099773	0.28399093
        3131	0.07099773	0.35498866
        3131	0.07099773	0.42598639
        3131	0.07099773	0.49698413
        3131	0.07099773	0.56798186
        3131	0.07099773	0.63897959
        3131	0.07099773	0.70997732
        3131	0.07099773	0.78097506
        3131	0.07099773	0.85197279
        3131	0.07099773	0.92297052
        3131	0.07099773	0.99396825
        3131	0.07099773	1.06496599
        3131	0.07099773	1.13596372
        3131	0.07099773	1.20696145
        3131	0.07099773	1.27795918
        3131	0.07099773	1.34895692
        3131	0.07099773	1.41995465
        3131	0.07099773	1.49095238
        3131	0.07099773	1.56195011
        3131	0.07099773	1.63294785
        3131	0.07099773	1.70394558
        3131	0.07099773	1.77494331
        3131	0.07099773	1.84594104
        3131	0.07099773	1.91693878
        3131	0.07099773	1.98793651
        3131	0.07099773	2.05893424
        3131	0.07099773	2.12993197
        3131	0.07099773	2.20092971
        3131	0.07099773	2.27192744
        3131	0.07099773	2.34292517
        3131	0.07099773	2.41392290
        3131	0.07099773	2.48492063
