Input file: /Users/xutianle/Desktop/Stimuli/Andrew_Raw_Sounds/BF Sound 4.wav	Stim Type: ir	Input length: 1657 samples
Target IOI: 0.0650 s	Actual Avg IOI: 0.06501 s (2867.02632 samp)
Interval StdDev: 0.01384 s (610.14763 samp)	Max deviation: 0.0500 s	Min std dev: 0.00001 s
Gap Noise:

Interval (samp)	Interval (s)	Start Time (s)
        2357	0.05344671	0.05344671
        2483	0.05630385	0.10975057
        2307	0.05231293	0.16206349
        3999	0.09068027	0.25274376
        2293	0.05199546	0.30473923
        2717	0.06160998	0.36634921
        2777	0.06297052	0.42931973
        2838	0.06435374	0.49367347
        1820	0.04126984	0.53494331
        2275	0.05158730	0.58653061
        3262	0.07396825	0.66049887
        3674	0.08331066	0.74380952
        2729	0.06188209	0.80569161
        3864	0.08761905	0.89331066
        2821	0.06396825	0.95727891
        3230	0.07324263	1.03052154
        3732	0.08462585	1.11514739
        2555	0.05793651	1.17308390
        3227	0.07317460	1.24625850
        2470	0.05600907	1.30226757
        2275	0.05158730	1.35385488
        1751	0.03970522	1.39356009
        3250	0.07369615	1.46725624
        2675	0.06065760	1.52791383
        2609	0.05916100	1.58707483
        3541	0.08029478	1.66736961
        1921	0.04356009	1.71092971
        3448	0.07818594	1.78911565
        2129	0.04827664	1.83739229
        3705	0.08401361	1.92140590
        3485	0.07902494	2.00043084
        2592	0.05877551	2.05920635
        3973	0.09009070	2.14929705
        2444	0.05541950	2.20471655
        2987	0.06773243	2.27244898
        2548	0.05777778	2.33022676
        2991	0.06782313	2.39804989
        3193	0.07240363	2.47045351
