Input file: /Users/xutianle/Desktop/Stimuli/Andrew_Raw_Sounds/BF Sound 4.wav	Stim Type: ir	Input length: 1657 samples
Target IOI: 0.0840 s	Actual Avg IOI: 0.08399 s (3704.03448 samp)
Interval StdDev: 0.02644 s (1165.95214 samp)	Max deviation: 0.0500 s	Min std dev: 0.00100 s
Gap Noise:

Interval (samp)	Interval (s)	Start Time (s)
        3148	0.07138322	0.07138322
        4499	0.10201814	0.17340136
        3593	0.08147392	0.25487528
        2694	0.06108844	0.31596372
        4543	0.10301587	0.41897959
        2539	0.05757370	0.47655329
        5292	0.12000000	0.59655329
        3872	0.08780045	0.68435374
        2806	0.06362812	0.74798186
        4052	0.09188209	0.83986395
        2225	0.05045351	0.89031746
        4274	0.09691610	0.98723356
        4504	0.10213152	1.08936508
        4377	0.09925170	1.18861678
        3868	0.08770975	1.27632653
        2893	0.06560091	1.34192744
        2116	0.04798186	1.38990930
        5739	0.13013605	1.52004535
        2887	0.06546485	1.58551020
        5372	0.12181406	1.70732426
        4814	0.10916100	1.81648526
        1788	0.04054422	1.85702948
        5144	0.11664399	1.97367347
        1952	0.04426304	2.01793651
        4102	0.09301587	2.11095238
        2242	0.05083900	2.16179138
        2513	0.05698413	2.21877551
        4620	0.10476190	2.32353741
        4949	0.11222222	2.43575964
