Input file: /Users/xutianle/Desktop/Stimuli/Andrew_Raw_Sounds/BF Sound 4.wav	Stim Type: ir	Input length: 1657 samples
Target IOI: 0.0760 s	Actual Avg IOI: 0.07601 s (3352.00000 samp)
Interval StdDev: 0.02134 s (941.12709 samp)	Max deviation: 0.0500 s	Min std dev: 0.00001 s
Gap Noise:

Interval (samp)	Interval (s)	Start Time (s)
        2355	0.05340136	0.05340136
        2964	0.06721088	0.12061224
        2131	0.04832200	0.16893424
        3634	0.08240363	0.25133787
        4064	0.09215420	0.34349206
        4347	0.09857143	0.44206349
        4269	0.09680272	0.53886621
        3919	0.08886621	0.62773243
        1888	0.04281179	0.67054422
        1839	0.04170068	0.71224490
        4964	0.11256236	0.82480726
        2785	0.06315193	0.88795918
        2012	0.04562358	0.93358277
        2233	0.05063492	0.98421769
        3560	0.08072562	1.06494331
        4247	0.09630385	1.16124717
        4197	0.09517007	1.25641723
        3417	0.07748299	1.33390023
        2759	0.06256236	1.39646259
        3720	0.08435374	1.48081633
        3343	0.07580499	1.55662132
        2142	0.04857143	1.60519274
        2476	0.05614512	1.66133787
        3863	0.08759637	1.74893424
        4238	0.09609977	1.84503401
        4348	0.09859410	1.94362812
        3328	0.07546485	2.01909297
        1778	0.04031746	2.05941043
        3628	0.08226757	2.14167800
        4206	0.09537415	2.23705215
        3942	0.08938776	2.32643991
        4668	0.10585034	2.43229025
