Input file: /Users/xutianle/Desktop/Stimuli/Andrew_Raw_Sounds/BF Sound 4.wav	Stim Type: reg	Input length: 1657 samples
Target IOI: 0.0530 s	Actual Avg IOI: 0.05300 s (2337.00000 samp)
Interval StdDev: 0.00000 s (0.00000 samp)	Max deviation: 0.0500 s	Min std dev: 0.00001 s
Gap Noise:

Interval (samp)	Interval (s)	Start Time (s)
        2337	0.05299320	0.05299320
        2337	0.05299320	0.10598639
        2337	0.05299320	0.15897959
        2337	0.05299320	0.21197279
        2337	0.05299320	0.26496599
        2337	0.05299320	0.31795918
        2337	0.05299320	0.37095238
        2337	0.05299320	0.42394558
        2337	0.05299320	0.47693878
        2337	0.05299320	0.52993197
        2337	0.05299320	0.58292517
        2337	0.05299320	0.63591837
        2337	0.05299320	0.68891156
        2337	0.05299320	0.74190476
        2337	0.05299320	0.79489796
        2337	0.05299320	0.84789116
        2337	0.05299320	0.90088435
        2337	0.05299320	0.95387755
        2337	0.05299320	1.00687075
        2337	0.05299320	1.05986395
        2337	0.05299320	1.11285714
        2337	0.05299320	1.16585034
        2337	0.05299320	1.21884354
        2337	0.05299320	1.27183673
        2337	0.05299320	1.32482993
        2337	0.05299320	1.37782313
        2337	0.05299320	1.43081633
        2337	0.05299320	1.48380952
        2337	0.05299320	1.53680272
        2337	0.05299320	1.58979592
        2337	0.05299320	1.64278912
        2337	0.05299320	1.69578231
        2337	0.05299320	1.74877551
        2337	0.05299320	1.80176871
        2337	0.05299320	1.85476190
        2337	0.05299320	1.90775510
        2337	0.05299320	1.96074830
        2337	0.05299320	2.01374150
        2337	0.05299320	2.06673469
        2337	0.05299320	2.11972789
        2337	0.05299320	2.17272109
        2337	0.05299320	2.22571429
        2337	0.05299320	2.27870748
        2337	0.05299320	2.33170068
        2337	0.05299320	2.38469388
        2337	0.05299320	2.43768707
        2337	0.05299320	2.49068027
