Input file: /Users/xutianle/Desktop/Stimuli/Andrew_Raw_Sounds/BF Sound 4.wav	Stim Type: reg	Input length: 1657 samples
Target IOI: 0.0490 s	Actual Avg IOI: 0.04900 s (2161.00000 samp)
Interval StdDev: 0.00000 s (0.00000 samp)	Max deviation: 0.0500 s	Min std dev: 0.00001 s
Gap Noise:

Interval (samp)	Interval (s)	Start Time (s)
        2161	0.04900227	0.04900227
        2161	0.04900227	0.09800454
        2161	0.04900227	0.14700680
        2161	0.04900227	0.19600907
        2161	0.04900227	0.24501134
        2161	0.04900227	0.29401361
        2161	0.04900227	0.34301587
        2161	0.04900227	0.39201814
        2161	0.04900227	0.44102041
        2161	0.04900227	0.49002268
        2161	0.04900227	0.53902494
        2161	0.04900227	0.58802721
        2161	0.04900227	0.63702948
        2161	0.04900227	0.68603175
        2161	0.04900227	0.73503401
        2161	0.04900227	0.78403628
        2161	0.04900227	0.83303855
        2161	0.04900227	0.88204082
        2161	0.04900227	0.93104308
        2161	0.04900227	0.98004535
        2161	0.04900227	1.02904762
        2161	0.04900227	1.07804989
        2161	0.04900227	1.12705215
        2161	0.04900227	1.17605442
        2161	0.04900227	1.22505669
        2161	0.04900227	1.27405896
        2161	0.04900227	1.32306122
        2161	0.04900227	1.37206349
        2161	0.04900227	1.42106576
        2161	0.04900227	1.47006803
        2161	0.04900227	1.51907029
        2161	0.04900227	1.56807256
        2161	0.04900227	1.61707483
        2161	0.04900227	1.66607710
        2161	0.04900227	1.71507937
        2161	0.04900227	1.76408163
        2161	0.04900227	1.81308390
        2161	0.04900227	1.86208617
        2161	0.04900227	1.91108844
        2161	0.04900227	1.96009070
        2161	0.04900227	2.00909297
        2161	0.04900227	2.05809524
        2161	0.04900227	2.10709751
        2161	0.04900227	2.15609977
        2161	0.04900227	2.20510204
        2161	0.04900227	2.25410431
        2161	0.04900227	2.30310658
        2161	0.04900227	2.35210884
        2161	0.04900227	2.40111111
        2161	0.04900227	2.45011338
        2161	0.04900227	2.49911565
