Input file: /Users/xutianle/Desktop/Stimuli/Andrew_Raw_Sounds/BF Sound 4.wav	Stim Type: ir	Input length: 1657 samples
Target IOI: 0.0610 s	Actual Avg IOI: 0.06100 s (2689.97500 samp)
Interval StdDev: 0.01482 s (653.55546 samp)	Max deviation: 0.0500 s	Min std dev: 0.00001 s
Gap Noise:

Interval (samp)	Interval (s)	Start Time (s)
        3689	0.08365079	0.08365079
        3367	0.07634921	0.16000000
        1715	0.03888889	0.19888889
        1718	0.03895692	0.23784580
        2063	0.04678005	0.28462585
        3664	0.08308390	0.36770975
        2331	0.05285714	0.42056689
        1736	0.03936508	0.45993197
        1795	0.04070295	0.50063492
        3551	0.08052154	0.58115646
        3479	0.07888889	0.66004535
        3364	0.07628118	0.73632653
        2676	0.06068027	0.79700680
        3173	0.07195011	0.86895692
        2322	0.05265306	0.92160998
        3400	0.07709751	0.99870748
        2811	0.06374150	1.06244898
        2459	0.05575964	1.11820862
        2473	0.05607710	1.17428571
        1901	0.04310658	1.21739229
        2485	0.05634921	1.27374150
        3169	0.07185941	1.34560091
        3493	0.07920635	1.42480726
        3487	0.07907029	1.50387755
        2411	0.05467120	1.55854875
        1941	0.04401361	1.60256236
        2717	0.06160998	1.66417234
        2808	0.06367347	1.72784580
        2040	0.04625850	1.77410431
        2955	0.06700680	1.84111111
        3061	0.06941043	1.91052154
        2201	0.04990930	1.96043084
        2971	0.06736961	2.02780045
        1913	0.04337868	2.07117914
        2760	0.06258503	2.13376417
        1898	0.04303855	2.17680272
        2459	0.05575964	2.23256236
        1934	0.04385488	2.27641723
        3537	0.08020408	2.35662132
        3672	0.08326531	2.43988662
