Input file: /Users/xutianle/Desktop/Stimuli/Andrew_Raw_Sounds/BF Sound 4.wav	Stim Type: reg	Input length: 1657 samples
Target IOI: 0.0500 s	Actual Avg IOI: 0.05000 s (2205.00000 samp)
Interval StdDev: 0.00000 s (0.00000 samp)	Max deviation: 0.0500 s	Min std dev: 0.00001 s
Gap Noise:

Interval (samp)	Interval (s)	Start Time (s)
        2205	0.05000000	0.05000000
        2205	0.05000000	0.10000000
        2205	0.05000000	0.15000000
        2205	0.05000000	0.20000000
        2205	0.05000000	0.25000000
        2205	0.05000000	0.30000000
        2205	0.05000000	0.35000000
        2205	0.05000000	0.40000000
        2205	0.05000000	0.45000000
        2205	0.05000000	0.50000000
        2205	0.05000000	0.55000000
        2205	0.05000000	0.60000000
        2205	0.05000000	0.65000000
        2205	0.05000000	0.70000000
        2205	0.05000000	0.75000000
        2205	0.05000000	0.80000000
        2205	0.05000000	0.85000000
        2205	0.05000000	0.90000000
        2205	0.05000000	0.95000000
        2205	0.05000000	1.00000000
        2205	0.05000000	1.05000000
        2205	0.05000000	1.10000000
        2205	0.05000000	1.15000000
        2205	0.05000000	1.20000000
        2205	0.05000000	1.25000000
        2205	0.05000000	1.30000000
        2205	0.05000000	1.35000000
        2205	0.05000000	1.40000000
        2205	0.05000000	1.45000000
        2205	0.05000000	1.50000000
        2205	0.05000000	1.55000000
        2205	0.05000000	1.60000000
        2205	0.05000000	1.65000000
        2205	0.05000000	1.70000000
        2205	0.05000000	1.75000000
        2205	0.05000000	1.80000000
        2205	0.05000000	1.85000000
        2205	0.05000000	1.90000000
        2205	0.05000000	1.95000000
        2205	0.05000000	2.00000000
        2205	0.05000000	2.05000000
        2205	0.05000000	2.10000000
        2205	0.05000000	2.15000000
        2205	0.05000000	2.20000000
        2205	0.05000000	2.25000000
        2205	0.05000000	2.30000000
        2205	0.05000000	2.35000000
        2205	0.05000000	2.40000000
        2205	0.05000000	2.45000000
        2205	0.05000000	2.50000000
