Input file: /Users/xutianle/Desktop/Stimuli/Andrew_Raw_Sounds/BF Sound 4.wav	Stim Type: reg	Input length: 1657 samples
Target IOI: 0.0740 s	Actual Avg IOI: 0.07400 s (3263.00000 samp)
Interval StdDev: 0.00000 s (0.00000 samp)	Max deviation: 0.0500 s	Min std dev: 0.00001 s
Gap Noise:

Interval (samp)	Interval (s)	Start Time (s)
        3263	0.07399093	0.07399093
        3263	0.07399093	0.14798186
        3263	0.07399093	0.22197279
        3263	0.07399093	0.29596372
        3263	0.07399093	0.36995465
        3263	0.07399093	0.44394558
        3263	0.07399093	0.51793651
        3263	0.07399093	0.59192744
        3263	0.07399093	0.66591837
        3263	0.07399093	0.73990930
        3263	0.07399093	0.81390023
        3263	0.07399093	0.88789116
        3263	0.07399093	0.96188209
        3263	0.07399093	1.03587302
        3263	0.07399093	1.10986395
        3263	0.07399093	1.18385488
        3263	0.07399093	1.25784580
        3263	0.07399093	1.33183673
        3263	0.07399093	1.40582766
        3263	0.07399093	1.47981859
        3263	0.07399093	1.55380952
        3263	0.07399093	1.62780045
        3263	0.07399093	1.70179138
        3263	0.07399093	1.77578231
        3263	0.07399093	1.84977324
        3263	0.07399093	1.92376417
        3263	0.07399093	1.99775510
        3263	0.07399093	2.07174603
        3263	0.07399093	2.14573696
        3263	0.07399093	2.21972789
        3263	0.07399093	2.29371882
        3263	0.07399093	2.36770975
        3263	0.07399093	2.44170068
