Input file: /Users/xutianle/Desktop/Stimuli/Andrew_Raw_Sounds/BF Sound 4.wav	Stim Type: ir	Input length: 1657 samples
Target IOI: 0.0660 s	Actual Avg IOI: 0.06601 s (2911.02703 samp)
Interval StdDev: 0.01594 s (702.79669 samp)	Max deviation: 0.0500 s	Min std dev: 0.00001 s
Gap Noise:

Interval (samp)	Interval (s)	Start Time (s)
        2683	0.06083900	0.06083900
        3857	0.08746032	0.14829932
        3587	0.08133787	0.22963719
        3008	0.06820862	0.29784580
        1691	0.03834467	0.33619048
        3065	0.06950113	0.40569161
        2364	0.05360544	0.45929705
        2947	0.06682540	0.52612245
        2261	0.05126984	0.57739229
        2418	0.05482993	0.63222222
        2956	0.06702948	0.69925170
        3928	0.08907029	0.78832200
        4108	0.09315193	0.88147392
        2880	0.06530612	0.94678005
        3845	0.08718821	1.03396825
        3272	0.07419501	1.10816327
        2216	0.05024943	1.15841270
        3980	0.09024943	1.24866213
        1882	0.04267574	1.29133787
        2132	0.04834467	1.33968254
        3613	0.08192744	1.42160998
        3186	0.07224490	1.49385488
        4078	0.09247166	1.58632653
        3376	0.07655329	1.66287982
        2760	0.06258503	1.72546485
        2214	0.05020408	1.77566893
        2610	0.05918367	1.83485261
        2233	0.05063492	1.88548753
        1675	0.03798186	1.92346939
        2614	0.05927438	1.98274376
        2755	0.06247166	2.04521542
        3838	0.08702948	2.13224490
        2169	0.04918367	2.18142857
        2918	0.06616780	2.24759637
        3128	0.07092971	2.31852608
        2115	0.04795918	2.36648526
        3346	0.07587302	2.44235828
