Input file: /Users/xutianle/Desktop/Stimuli/Andrew_Raw_Sounds/BF Sound 4.wav	Stim Type: reg	Input length: 1657 samples
Target IOI: 0.0620 s	Actual Avg IOI: 0.06200 s (2734.00000 samp)
Interval StdDev: 0.00000 s (0.00000 samp)	Max deviation: 0.0500 s	Min std dev: 0.00001 s
Gap Noise:

Interval (samp)	Interval (s)	Start Time (s)
        2734	0.06199546	0.06199546
        2734	0.06199546	0.12399093
        2734	0.06199546	0.18598639
        2734	0.06199546	0.24798186
        2734	0.06199546	0.30997732
        2734	0.06199546	0.37197279
        2734	0.06199546	0.43396825
        2734	0.06199546	0.49596372
        2734	0.06199546	0.55795918
        2734	0.06199546	0.61995465
        2734	0.06199546	0.68195011
        2734	0.06199546	0.74394558
        2734	0.06199546	0.80594104
        2734	0.06199546	0.86793651
        2734	0.06199546	0.92993197
        2734	0.06199546	0.99192744
        2734	0.06199546	1.05392290
        2734	0.06199546	1.11591837
        2734	0.06199546	1.17791383
        2734	0.06199546	1.23990930
        2734	0.06199546	1.30190476
        2734	0.06199546	1.36390023
        2734	0.06199546	1.42589569
        2734	0.06199546	1.48789116
        2734	0.06199546	1.54988662
        2734	0.06199546	1.61188209
        2734	0.06199546	1.67387755
        2734	0.06199546	1.73587302
        2734	0.06199546	1.79786848
        2734	0.06199546	1.85986395
        2734	0.06199546	1.92185941
        2734	0.06199546	1.98385488
        2734	0.06199546	2.04585034
        2734	0.06199546	2.10784580
        2734	0.06199546	2.16984127
        2734	0.06199546	2.23183673
        2734	0.06199546	2.29383220
        2734	0.06199546	2.35582766
        2734	0.06199546	2.41782313
        2734	0.06199546	2.47981859
