Input file: /Users/xutianle/Desktop/Stimuli/Andrew_Raw_Sounds/BF Sound 4.wav	Stim Type: ir	Input length: 1657 samples
Target IOI: 0.0580 s	Actual Avg IOI: 0.05800 s (2557.97674 samp)
Interval StdDev: 0.01185 s (522.66850 samp)	Max deviation: 0.0500 s	Min std dev: 0.00001 s
Gap Noise:

Interval (samp)	Interval (s)	Start Time (s)
        2122	0.04811791	0.04811791
        1698	0.03850340	0.08662132
        2881	0.06532880	0.15195011
        2295	0.05204082	0.20399093
        2544	0.05768707	0.26167800
        3454	0.07832200	0.34000000
        2910	0.06598639	0.40598639
        3110	0.07052154	0.47650794
        2154	0.04884354	0.52535147
        1713	0.03884354	0.56419501
        1792	0.04063492	0.60482993
        2195	0.04977324	0.65460317
        2608	0.05913832	0.71374150
        1863	0.04224490	0.75598639
        1795	0.04070295	0.79668934
        1971	0.04469388	0.84138322
        2763	0.06265306	0.90403628
        3066	0.06952381	0.97356009
        2956	0.06702948	1.04058957
        2496	0.05659864	1.09718821
        2124	0.04816327	1.14535147
        2932	0.06648526	1.21183673
        2883	0.06537415	1.27721088
        3290	0.07460317	1.35181406
        3327	0.07544218	1.42725624
        2498	0.05664399	1.48390023
        3353	0.07603175	1.55993197
        2770	0.06281179	1.62274376
        2044	0.04634921	1.66909297
        3215	0.07290249	1.74199546
        1710	0.03877551	1.78077098
        2717	0.06160998	1.84238095
        2608	0.05913832	1.90151927
        1754	0.03977324	1.94129252
        2366	0.05365079	1.99494331
        2730	0.06190476	2.05684807
        3172	0.07192744	2.12877551
        2398	0.05437642	2.18315193
        2736	0.06204082	2.24519274
        2745	0.06224490	2.30743764
        2892	0.06557823	2.37301587
        2095	0.04750567	2.42052154
        3248	0.07365079	2.49417234
