Input file: /Users/xutianle/Desktop/Stimuli/Andrew_Raw_Sounds/BF Sound 4.wav	Stim Type: reg	Input length: 1657 samples
Target IOI: 0.0860 s	Actual Avg IOI: 0.08600 s (3793.00000 samp)
Interval StdDev: 0.00000 s (0.00000 samp)	Max deviation: 0.0500 s	Min std dev: 0.00100 s
Gap Noise:

Interval (samp)	Interval (s)	Start Time (s)
        3793	0.08600907	0.08600907
        3793	0.08600907	0.17201814
        3793	0.08600907	0.25802721
        3793	0.08600907	0.34403628
        3793	0.08600907	0.43004535
        3793	0.08600907	0.51605442
        3793	0.08600907	0.60206349
        3793	0.08600907	0.68807256
        3793	0.08600907	0.77408163
        3793	0.08600907	0.86009070
        3793	0.08600907	0.94609977
        3793	0.08600907	1.03210884
        3793	0.08600907	1.11811791
        3793	0.08600907	1.20412698
        3793	0.08600907	1.29013605
        3793	0.08600907	1.37614512
        3793	0.08600907	1.46215420
        3793	0.08600907	1.54816327
        3793	0.08600907	1.63417234
        3793	0.08600907	1.72018141
        3793	0.08600907	1.80619048
        3793	0.08600907	1.89219955
        3793	0.08600907	1.97820862
        3793	0.08600907	2.06421769
        3793	0.08600907	2.15022676
        3793	0.08600907	2.23623583
        3793	0.08600907	2.32224490
        3793	0.08600907	2.40825397
        3793	0.08600907	2.49426304
