Input file: /Users/xutianle/Desktop/Stimuli/Andrew_Raw_Sounds/BF Sound 4.wav	Stim Type: ir	Input length: 1657 samples
Target IOI: 0.0630 s	Actual Avg IOI: 0.06299 s (2777.97436 samp)
Interval StdDev: 0.01380 s (608.73261 samp)	Max deviation: 0.0500 s	Min std dev: 0.00001 s
Gap Noise:

Interval (samp)	Interval (s)	Start Time (s)
        2993	0.06786848	0.06786848
        2033	0.04609977	0.11396825
        2881	0.06532880	0.17929705
        3339	0.07571429	0.25501134
        2096	0.04752834	0.30253968
        2093	0.04746032	0.35000000
        2417	0.05480726	0.40480726
        3187	0.07226757	0.47707483
        2672	0.06058957	0.53766440
        1694	0.03841270	0.57607710
        1863	0.04224490	0.61832200
        2533	0.05743764	0.67575964
        2607	0.05911565	0.73487528
        3477	0.07884354	0.81371882
        3600	0.08163265	0.89535147
        3732	0.08462585	0.97997732
        3786	0.08585034	1.06582766
        2747	0.06229025	1.12811791
        1668	0.03782313	1.16594104
        3676	0.08335601	1.24929705
        2247	0.05095238	1.30024943
        2697	0.06115646	1.36140590
        2408	0.05460317	1.41600907
        3701	0.08392290	1.49993197
        3175	0.07199546	1.57192744
        2302	0.05219955	1.62412698
        2767	0.06274376	1.68687075
        3706	0.08403628	1.77090703
        3313	0.07512472	1.84603175
        2276	0.05160998	1.89764172
        2361	0.05353741	1.95117914
        2783	0.06310658	2.01428571
        2408	0.05460317	2.06888889
        3445	0.07811791	2.14700680
        2712	0.06149660	2.20850340
        2781	0.06306122	2.27156463
        3161	0.07167800	2.34324263
        1973	0.04473923	2.38798186
        3031	0.06873016	2.45671202
