Input file: /Users/xutianle/Desktop/Stimuli/Andrew_Raw_Sounds/BF Sound 4.wav	Stim Type: ir	Input length: 1657 samples
Target IOI: 0.0890 s	Actual Avg IOI: 0.08900 s (3925.00000 samp)
Interval StdDev: 0.03264 s (1439.37991 samp)	Max deviation: 0.0500 s	Min std dev: 0.00100 s
Gap Noise:

Interval (samp)	Interval (s)	Start Time (s)
        2922	0.06625850	0.06625850
        2536	0.05750567	0.12376417
        3990	0.09047619	0.21424036
        3833	0.08691610	0.30115646
        5561	0.12609977	0.42725624
        1929	0.04374150	0.47099773
        4549	0.10315193	0.57414966
        2020	0.04580499	0.61995465
        4639	0.10519274	0.72514739
        3431	0.07780045	0.80294785
        3941	0.08936508	0.89231293
        6110	0.13854875	1.03086168
        5257	0.11920635	1.15006803
        3545	0.08038549	1.23045351
        1934	0.04385488	1.27430839
        1906	0.04321995	1.31752834
        2085	0.04727891	1.36480726
        2040	0.04625850	1.41106576
        5850	0.13265306	1.54371882
        4936	0.11192744	1.65564626
        4152	0.09414966	1.74979592
        3461	0.07848073	1.82827664
        2393	0.05426304	1.88253968
        6077	0.13780045	2.02034014
        5131	0.11634921	2.13668934
        6117	0.13870748	2.27539683
        5094	0.11551020	2.39090703
        4461	0.10115646	2.49206349
