Input file: /Users/xutianle/Desktop/Stimuli/Andrew_Raw_Sounds/BF Sound 4.wav	Stim Type: reg	Input length: 1657 samples
Target IOI: 0.0400 s	Actual Avg IOI: 0.04000 s (1764.00000 samp)
Interval StdDev: 0.00000 s (0.00000 samp)	Max deviation: 0.0500 s	Min std dev: 0.00001 s
Gap Noise:

Interval (samp)	Interval (s)	Start Time (s)
        1764	0.04000000	0.04000000
        1764	0.04000000	0.08000000
        1764	0.04000000	0.12000000
        1764	0.04000000	0.16000000
        1764	0.04000000	0.20000000
        1764	0.04000000	0.24000000
        1764	0.04000000	0.28000000
        1764	0.04000000	0.32000000
        1764	0.04000000	0.36000000
        1764	0.04000000	0.40000000
        1764	0.04000000	0.44000000
        1764	0.04000000	0.48000000
        1764	0.04000000	0.52000000
        1764	0.04000000	0.56000000
        1764	0.04000000	0.60000000
        1764	0.04000000	0.64000000
        1764	0.04000000	0.68000000
        1764	0.04000000	0.72000000
        1764	0.04000000	0.76000000
        1764	0.04000000	0.80000000
        1764	0.04000000	0.84000000
        1764	0.04000000	0.88000000
        1764	0.04000000	0.92000000
        1764	0.04000000	0.96000000
        1764	0.04000000	1.00000000
        1764	0.04000000	1.04000000
        1764	0.04000000	1.08000000
        1764	0.04000000	1.12000000
        1764	0.04000000	1.16000000
        1764	0.04000000	1.20000000
        1764	0.04000000	1.24000000
        1764	0.04000000	1.28000000
        1764	0.04000000	1.32000000
        1764	0.04000000	1.36000000
        1764	0.04000000	1.40000000
        1764	0.04000000	1.44000000
        1764	0.04000000	1.48000000
        1764	0.04000000	1.52000000
        1764	0.04000000	1.56000000
        1764	0.04000000	1.60000000
        1764	0.04000000	1.64000000
        1764	0.04000000	1.68000000
        1764	0.04000000	1.72000000
        1764	0.04000000	1.76000000
        1764	0.04000000	1.80000000
        1764	0.04000000	1.84000000
        1764	0.04000000	1.88000000
        1764	0.04000000	1.92000000
        1764	0.04000000	1.96000000
        1764	0.04000000	2.00000000
        1764	0.04000000	2.04000000
        1764	0.04000000	2.08000000
        1764	0.04000000	2.12000000
        1764	0.04000000	2.16000000
        1764	0.04000000	2.20000000
        1764	0.04000000	2.24000000
        1764	0.04000000	2.28000000
        1764	0.04000000	2.32000000
        1764	0.04000000	2.36000000
        1764	0.04000000	2.40000000
        1764	0.04000000	2.44000000
        1764	0.04000000	2.48000000
