Input file: /Users/xutianle/Desktop/Stimuli/Andrew_Raw_Sounds/BF Sound 4.wav	Stim Type: reg	Input length: 1657 samples
Target IOI: 0.0510 s	Actual Avg IOI: 0.05100 s (2249.00000 samp)
Interval StdDev: 0.00000 s (0.00000 samp)	Max deviation: 0.0500 s	Min std dev: 0.00001 s
Gap Noise:

Interval (samp)	Interval (s)	Start Time (s)
        2249	0.05099773	0.05099773
        2249	0.05099773	0.10199546
        2249	0.05099773	0.15299320
        2249	0.05099773	0.20399093
        2249	0.05099773	0.25498866
        2249	0.05099773	0.30598639
        2249	0.05099773	0.35698413
        2249	0.05099773	0.40798186
        2249	0.05099773	0.45897959
        2249	0.05099773	0.50997732
        2249	0.05099773	0.56097506
        2249	0.05099773	0.61197279
        2249	0.05099773	0.66297052
        2249	0.05099773	0.71396825
        2249	0.05099773	0.76496599
        2249	0.05099773	0.81596372
        2249	0.05099773	0.86696145
        2249	0.05099773	0.91795918
        2249	0.05099773	0.96895692
        2249	0.05099773	1.01995465
        2249	0.05099773	1.07095238
        2249	0.05099773	1.12195011
        2249	0.05099773	1.17294785
        2249	0.05099773	1.22394558
        2249	0.05099773	1.27494331
        2249	0.05099773	1.32594104
        2249	0.05099773	1.37693878
        2249	0.05099773	1.42793651
        2249	0.05099773	1.47893424
        2249	0.05099773	1.52993197
        2249	0.05099773	1.58092971
        2249	0.05099773	1.63192744
        2249	0.05099773	1.68292517
        2249	0.05099773	1.73392290
        2249	0.05099773	1.78492063
        2249	0.05099773	1.83591837
        2249	0.05099773	1.88691610
        2249	0.05099773	1.93791383
        2249	0.05099773	1.98891156
        2249	0.05099773	2.03990930
        2249	0.05099773	2.09090703
        2249	0.05099773	2.14190476
        2249	0.05099773	2.19290249
        2249	0.05099773	2.24390023
        2249	0.05099773	2.29489796
        2249	0.05099773	2.34589569
        2249	0.05099773	2.39689342
        2249	0.05099773	2.44789116
        2249	0.05099773	2.49888889
