Input file: /Users/xutianle/Desktop/Stimuli/Andrew_Raw_Sounds/BF Sound 4.wav	Stim Type: ir	Input length: 1657 samples
Target IOI: 0.0480 s	Actual Avg IOI: 0.04800 s (2116.98077 samp)
Interval StdDev: 0.00571 s (251.84772 samp)	Max deviation: 0.0500 s	Min std dev: 0.00001 s
Gap Noise:

Interval (samp)	Interval (s)	Start Time (s)
        2254	0.05111111	0.05111111
        2528	0.05732426	0.10843537
        2075	0.04705215	0.15548753
        2151	0.04877551	0.20426304
        2314	0.05247166	0.25673469
        1752	0.03972789	0.29646259
        2428	0.05505669	0.35151927
        2303	0.05222222	0.40374150
        1976	0.04480726	0.44854875
        2361	0.05353741	0.50208617
        2234	0.05065760	0.55274376
        2532	0.05741497	0.61015873
        1826	0.04140590	0.65156463
        2535	0.05748299	0.70904762
        2289	0.05190476	0.76095238
        2071	0.04696145	0.80791383
        1842	0.04176871	0.84968254
        2186	0.04956916	0.89925170
        2326	0.05274376	0.95199546
        1670	0.03786848	0.98986395
        2190	0.04965986	1.03952381
        1988	0.04507937	1.08460317
        2273	0.05154195	1.13614512
        2111	0.04786848	1.18401361
        1965	0.04455782	1.22857143
        1677	0.03802721	1.26659864
        2090	0.04739229	1.31399093
        2333	0.05290249	1.36689342
        1945	0.04410431	1.41099773
        2047	0.04641723	1.45741497
        1825	0.04138322	1.49879819
        1747	0.03961451	1.53841270
        2266	0.05138322	1.58979592
        2149	0.04873016	1.63852608
        2406	0.05455782	1.69308390
        1729	0.03920635	1.73229025
        1703	0.03861678	1.77090703
        2090	0.04739229	1.81829932
        1803	0.04088435	1.85918367
        2501	0.05671202	1.91589569
        2262	0.05129252	1.96718821
        2226	0.05047619	2.01766440
        2294	0.05201814	2.06968254
        2386	0.05410431	2.12378685
        1708	0.03873016	2.16251701
        1837	0.04165533	2.20417234
        2331	0.05285714	2.25702948
        1861	0.04219955	2.29922902
        2341	0.05308390	2.35231293
        1932	0.04380952	2.39612245
        2316	0.05251701	2.44863946
        2098	0.04757370	2.49621315
