Input file: /Users/xutianle/Desktop/Stimuli/Andrew_Raw_Sounds/BF Sound 4.wav	Stim Type: ir	Input length: 1657 samples
Target IOI: 0.0640 s	Actual Avg IOI: 0.06399 s (2822.02564 samp)
Interval StdDev: 0.01497 s (660.24144 samp)	Max deviation: 0.0500 s	Min std dev: 0.00001 s
Gap Noise:

Interval (samp)	Interval (s)	Start Time (s)
        3330	0.07551020	0.07551020
        2858	0.06480726	0.14031746
        1840	0.04172336	0.18204082
        2043	0.04632653	0.22836735
        3296	0.07473923	0.30310658
        3008	0.06820862	0.37131519
        2157	0.04891156	0.42022676
        3658	0.08294785	0.50317460
        3457	0.07839002	0.58156463
        2483	0.05630385	0.63786848
        1965	0.04455782	0.68242630
        1658	0.03759637	0.72002268
        3443	0.07807256	0.79809524
        3962	0.08984127	0.88793651
        3441	0.07802721	0.96596372
        2826	0.06408163	1.03004535
        2926	0.06634921	1.09639456
        2881	0.06532880	1.16172336
        1951	0.04424036	1.20596372
        2310	0.05238095	1.25834467
        3205	0.07267574	1.33102041
        3109	0.07049887	1.40151927
        3034	0.06879819	1.47031746
        2801	0.06351474	1.53383220
        2922	0.06625850	1.60009070
        1947	0.04414966	1.64424036
        3064	0.06947846	1.71371882
        1658	0.03759637	1.75131519
        2101	0.04764172	1.79895692
        3715	0.08424036	1.88319728
        1782	0.04040816	1.92360544
        3917	0.08882086	2.01242630
        3678	0.08340136	2.09582766
        2352	0.05333333	2.14916100
        3188	0.07229025	2.22145125
        3467	0.07861678	2.30006803
        2800	0.06349206	2.36356009
        3056	0.06929705	2.43285714
        2770	0.06281179	2.49566893
