Input file: /Users/xutianle/Desktop/Stimuli/Andrew_Raw_Sounds/BF Sound 4.wav	Stim Type: ir	Input length: 1657 samples
Target IOI: 0.0520 s	Actual Avg IOI: 0.05200 s (2293.00000 samp)
Interval StdDev: 0.01011 s (445.80088 samp)	Max deviation: 0.0500 s	Min std dev: 0.00001 s
Gap Noise:

Interval (samp)	Interval (s)	Start Time (s)
        2831	0.06419501	0.06419501
        2488	0.05641723	0.12061224
        2492	0.05650794	0.17712018
        2178	0.04938776	0.22650794
        1870	0.04240363	0.26891156
        2524	0.05723356	0.32614512
        2803	0.06356009	0.38970522
        1663	0.03770975	0.42741497
        1735	0.03934240	0.46675737
        1949	0.04419501	0.51095238
        1732	0.03927438	0.55022676
        1802	0.04086168	0.59108844
        1947	0.04414966	0.63523810
        2699	0.06120181	0.69643991
        2369	0.05371882	0.75015873
        2797	0.06342404	0.81358277
        2910	0.06598639	0.87956916
        1726	0.03913832	0.91870748
        1768	0.04009070	0.95879819
        1781	0.04038549	0.99918367
        2354	0.05337868	1.05256236
        1822	0.04131519	1.09387755
        2804	0.06358277	1.15746032
        1763	0.03997732	1.19743764
        1837	0.04165533	1.23909297
        2519	0.05712018	1.29621315
        2500	0.05668934	1.35290249
        2919	0.06619048	1.41909297
        1759	0.03988662	1.45897959
        1805	0.04092971	1.49990930
        2584	0.05859410	1.55850340
        2698	0.06117914	1.61968254
        1936	0.04390023	1.66358277
        2839	0.06437642	1.72795918
        2918	0.06616780	1.79412698
        2489	0.05643991	1.85056689
        2729	0.06188209	1.91244898
        1805	0.04092971	1.95337868
        2668	0.06049887	2.01387755
        2434	0.05519274	2.06907029
        2838	0.06435374	2.13342404
        1740	0.03945578	2.17287982
        2635	0.05975057	2.23263039
        2696	0.06113379	2.29376417
        1962	0.04448980	2.33825397
        2512	0.05696145	2.39521542
        2753	0.06242630	2.45764172
        1682	0.03814059	2.49578231
