Input file: /Users/xutianle/Desktop/Stimuli/Andrew_Raw_Sounds/BF Sound 4.wav	Stim Type: ir	Input length: 1657 samples
Target IOI: 0.0500 s	Actual Avg IOI: 0.05000 s (2205.00000 samp)
Interval StdDev: 0.00780 s (344.16340 samp)	Max deviation: 0.0500 s	Min std dev: 0.00001 s
Gap Noise:

Interval (samp)	Interval (s)	Start Time (s)
        1836	0.04163265	0.04163265
        2284	0.05179138	0.09342404
        1705	0.03866213	0.13208617
        2496	0.05659864	0.18868481
        1896	0.04299320	0.23167800
        2200	0.04988662	0.28156463
        2059	0.04668934	0.32825397
        2332	0.05287982	0.38113379
        1837	0.04165533	0.42278912
        2213	0.05018141	0.47297052
        1909	0.04328798	0.51625850
        2574	0.05836735	0.57462585
        2244	0.05088435	0.62551020
        2323	0.05267574	0.67818594
        2520	0.05714286	0.73532880
        1956	0.04435374	0.77968254
        1729	0.03920635	0.81888889
        2057	0.04664399	0.86553288
        2697	0.06115646	0.92668934
        2452	0.05560091	0.98229025
        2736	0.06204082	1.04433107
        2664	0.06040816	1.10473923
        2193	0.04972789	1.15446712
        1716	0.03891156	1.19337868
        2749	0.06233560	1.25571429
        1980	0.04489796	1.30061224
        2438	0.05528345	1.35589569
        1972	0.04471655	1.40061224
        2598	0.05891156	1.45952381
        2025	0.04591837	1.50544218
        2384	0.05405896	1.55950113
        1694	0.03841270	1.59791383
        2674	0.06063492	1.65854875
        1668	0.03782313	1.69637188
        1708	0.03873016	1.73510204
        2305	0.05226757	1.78736961
        2709	0.06142857	1.84879819
        1742	0.03950113	1.88829932
        2236	0.05070295	1.93900227
        1829	0.04147392	1.98047619
        2218	0.05029478	2.03077098
        1687	0.03825397	2.06902494
        2635	0.05975057	2.12877551
        1974	0.04476190	2.17353741
        2585	0.05861678	2.23215420
        2157	0.04891156	2.28106576
        2742	0.06217687	2.34324263
        2113	0.04791383	2.39115646
        2264	0.05133787	2.44249433
        2536	0.05750567	2.50000000
