Input file: /Users/xutianle/Desktop/Stimuli/Andrew_Raw_Sounds/BF Sound 4.wav	Stim Type: ir	Input length: 1657 samples
Target IOI: 0.0770 s	Actual Avg IOI: 0.07701 s (3395.96875 samp)
Interval StdDev: 0.02044 s (901.36257 samp)	Max deviation: 0.0500 s	Min std dev: 0.00100 s
Gap Noise:

Interval (samp)	Interval (s)	Start Time (s)
        3762	0.08530612	0.08530612
        4582	0.10390023	0.18920635
        4495	0.10192744	0.29113379
        4107	0.09312925	0.38426304
        4076	0.09242630	0.47668934
        2845	0.06451247	0.54120181
        2671	0.06056689	0.60176871
        4330	0.09818594	0.69995465
        4361	0.09888889	0.79884354
        1694	0.03841270	0.83725624
        3253	0.07376417	0.91102041
        3813	0.08646259	0.99748299
        3231	0.07326531	1.07074830
        3986	0.09038549	1.16113379
        1909	0.04328798	1.20442177
        2534	0.05746032	1.26188209
        2099	0.04759637	1.30947846
        5019	0.11380952	1.42328798
        4019	0.09113379	1.51442177
        3152	0.07147392	1.58589569
        2216	0.05024943	1.63614512
        2650	0.06009070	1.69623583
        3914	0.08875283	1.78498866
        1831	0.04151927	1.82650794
        3775	0.08560091	1.91210884
        4290	0.09727891	2.00938776
        4147	0.09403628	2.10342404
        2902	0.06580499	2.16922902
        2648	0.06004535	2.22927438
        3633	0.08238095	2.31165533
        3919	0.08886621	2.40052154
        2808	0.06367347	2.46419501
