Input file: /Users/xutianle/Desktop/Stimuli/Andrew_Raw_Sounds/BF Sound 4.wav	Stim Type: reg	Input length: 1657 samples
Target IOI: 0.0640 s	Actual Avg IOI: 0.06400 s (2822.00000 samp)
Interval StdDev: 0.00000 s (0.00000 samp)	Max deviation: 0.0500 s	Min std dev: 0.00001 s
Gap Noise:

Interval (samp)	Interval (s)	Start Time (s)
        2822	0.06399093	0.06399093
        2822	0.06399093	0.12798186
        2822	0.06399093	0.19197279
        2822	0.06399093	0.25596372
        2822	0.06399093	0.31995465
        2822	0.06399093	0.38394558
        2822	0.06399093	0.44793651
        2822	0.06399093	0.51192744
        2822	0.06399093	0.57591837
        2822	0.06399093	0.63990930
        2822	0.06399093	0.70390023
        2822	0.06399093	0.76789116
        2822	0.06399093	0.83188209
        2822	0.06399093	0.89587302
        2822	0.06399093	0.95986395
        2822	0.06399093	1.02385488
        2822	0.06399093	1.08784580
        2822	0.06399093	1.15183673
        2822	0.06399093	1.21582766
        2822	0.06399093	1.27981859
        2822	0.06399093	1.34380952
        2822	0.06399093	1.40780045
        2822	0.06399093	1.47179138
        2822	0.06399093	1.53578231
        2822	0.06399093	1.59977324
        2822	0.06399093	1.66376417
        2822	0.06399093	1.72775510
        2822	0.06399093	1.79174603
        2822	0.06399093	1.85573696
        2822	0.06399093	1.91972789
        2822	0.06399093	1.98371882
        2822	0.06399093	2.04770975
        2822	0.06399093	2.11170068
        2822	0.06399093	2.17569161
        2822	0.06399093	2.23968254
        2822	0.06399093	2.30367347
        2822	0.06399093	2.36766440
        2822	0.06399093	2.43165533
        2822	0.06399093	2.49564626
