Input file: /Users/xutianle/Desktop/Stimuli/Andrew_Raw_Sounds/BF Sound 4.wav	Stim Type: ir	Input length: 1657 samples
Target IOI: 0.0720 s	Actual Avg IOI: 0.07200 s (3175.02941 samp)
Interval StdDev: 0.02049 s (903.69566 samp)	Max deviation: 0.0500 s	Min std dev: 0.00001 s
Gap Noise:

Interval (samp)	Interval (s)	Start Time (s)
        2775	0.06292517	0.06292517
        4561	0.10342404	0.16634921
        2028	0.04598639	0.21233560
        2346	0.05319728	0.26553288
        3718	0.08430839	0.34984127
        4506	0.10217687	0.45201814
        3212	0.07283447	0.52485261
        2950	0.06689342	0.59174603
        1790	0.04058957	0.63233560
        3853	0.08736961	0.71970522
        1852	0.04199546	0.76170068
        3316	0.07519274	0.83689342
        2919	0.06619048	0.90308390
        4476	0.10149660	1.00458050
        2317	0.05253968	1.05712018
        4137	0.09380952	1.15092971
        4689	0.10632653	1.25725624
        4382	0.09936508	1.35662132
        4420	0.10022676	1.45684807
        2376	0.05387755	1.51072562
        2538	0.05755102	1.56827664
        2566	0.05818594	1.62646259
        2795	0.06337868	1.68984127
        3720	0.08435374	1.77419501
        3154	0.07151927	1.84571429
        3800	0.08616780	1.93188209
        2508	0.05687075	1.98875283
        2208	0.05006803	2.03882086
        4536	0.10285714	2.14167800
        3034	0.06879819	2.21047619
        2388	0.05414966	2.26462585
        3368	0.07637188	2.34099773
        2795	0.06337868	2.40437642
        1918	0.04349206	2.44786848
