Input file: /Users/xutianle/Desktop/Stimuli/Andrew_Raw_Sounds/BF Sound 4.wav	Stim Type: reg	Input length: 1657 samples
Target IOI: 0.0630 s	Actual Avg IOI: 0.06300 s (2778.00000 samp)
Interval StdDev: 0.00000 s (0.00000 samp)	Max deviation: 0.0500 s	Min std dev: 0.00001 s
Gap Noise:

Interval (samp)	Interval (s)	Start Time (s)
        2778	0.06299320	0.06299320
        2778	0.06299320	0.12598639
        2778	0.06299320	0.18897959
        2778	0.06299320	0.25197279
        2778	0.06299320	0.31496599
        2778	0.06299320	0.37795918
        2778	0.06299320	0.44095238
        2778	0.06299320	0.50394558
        2778	0.06299320	0.56693878
        2778	0.06299320	0.62993197
        2778	0.06299320	0.69292517
        2778	0.06299320	0.75591837
        2778	0.06299320	0.81891156
        2778	0.06299320	0.88190476
        2778	0.06299320	0.94489796
        2778	0.06299320	1.00789116
        2778	0.06299320	1.07088435
        2778	0.06299320	1.13387755
        2778	0.06299320	1.19687075
        2778	0.06299320	1.25986395
        2778	0.06299320	1.32285714
        2778	0.06299320	1.38585034
        2778	0.06299320	1.44884354
        2778	0.06299320	1.51183673
        2778	0.06299320	1.57482993
        2778	0.06299320	1.63782313
        2778	0.06299320	1.70081633
        2778	0.06299320	1.76380952
        2778	0.06299320	1.82680272
        2778	0.06299320	1.88979592
        2778	0.06299320	1.95278912
        2778	0.06299320	2.01578231
        2778	0.06299320	2.07877551
        2778	0.06299320	2.14176871
        2778	0.06299320	2.20476190
        2778	0.06299320	2.26775510
        2778	0.06299320	2.33074830
        2778	0.06299320	2.39374150
        2778	0.06299320	2.45673469
