Input file: /Users/xutianle/Desktop/Stimuli/Andrew_Raw_Sounds/BF Sound 4.wav	Stim Type: reg	Input length: 1657 samples
Target IOI: 0.0670 s	Actual Avg IOI: 0.06700 s (2955.00000 samp)
Interval StdDev: 0.00000 s (0.00000 samp)	Max deviation: 0.0500 s	Min std dev: 0.00001 s
Gap Noise:

Interval (samp)	Interval (s)	Start Time (s)
        2955	0.06700680	0.06700680
        2955	0.06700680	0.13401361
        2955	0.06700680	0.20102041
        2955	0.06700680	0.26802721
        2955	0.06700680	0.33503401
        2955	0.06700680	0.40204082
        2955	0.06700680	0.46904762
        2955	0.06700680	0.53605442
        2955	0.06700680	0.60306122
        2955	0.06700680	0.67006803
        2955	0.06700680	0.73707483
        2955	0.06700680	0.80408163
        2955	0.06700680	0.87108844
        2955	0.06700680	0.93809524
        2955	0.06700680	1.00510204
        2955	0.06700680	1.07210884
        2955	0.06700680	1.13911565
        2955	0.06700680	1.20612245
        2955	0.06700680	1.27312925
        2955	0.06700680	1.34013605
        2955	0.06700680	1.40714286
        2955	0.06700680	1.47414966
        2955	0.06700680	1.54115646
        2955	0.06700680	1.60816327
        2955	0.06700680	1.67517007
        2955	0.06700680	1.74217687
        2955	0.06700680	1.80918367
        2955	0.06700680	1.87619048
        2955	0.06700680	1.94319728
        2955	0.06700680	2.01020408
        2955	0.06700680	2.07721088
        2955	0.06700680	2.14421769
        2955	0.06700680	2.21122449
        2955	0.06700680	2.27823129
        2955	0.06700680	2.34523810
        2955	0.06700680	2.41224490
        2955	0.06700680	2.47925170
