Input file: /Users/xutianle/Desktop/Stimuli/Andrew_Raw_Sounds/BF Sound 4.wav	Stim Type: ir	Input length: 1657 samples
Target IOI: 0.0570 s	Actual Avg IOI: 0.05701 s (2514.02326 samp)
Interval StdDev: 0.01279 s (564.18882 samp)	Max deviation: 0.0500 s	Min std dev: 0.00001 s
Gap Noise:

Interval (samp)	Interval (s)	Start Time (s)
        1936	0.04390023	0.04390023
        2786	0.06317460	0.10707483
        2900	0.06575964	0.17283447
        2599	0.05893424	0.23176871
        1915	0.04342404	0.27519274
        3277	0.07430839	0.34950113
        2368	0.05369615	0.40319728
        2184	0.04952381	0.45272109
        3119	0.07072562	0.52344671
        2847	0.06455782	0.58800454
        2312	0.05242630	0.64043084
        2656	0.06022676	0.70065760
        1759	0.03988662	0.74054422
        2563	0.05811791	0.79866213
        2974	0.06743764	0.86609977
        2511	0.05693878	0.92303855
        2185	0.04954649	0.97258503
        1763	0.03997732	1.01256236
        2947	0.06682540	1.07938776
        1959	0.04442177	1.12380952
        1750	0.03968254	1.16349206
        3190	0.07233560	1.23582766
        1959	0.04442177	1.28024943
        2938	0.06662132	1.34687075
        1749	0.03965986	1.38653061
        2822	0.06399093	1.45052154
        3346	0.07587302	1.52639456
        3303	0.07489796	1.60129252
        1749	0.03965986	1.64095238
        1901	0.04310658	1.68405896
        1809	0.04102041	1.72507937
        1667	0.03780045	1.76287982
        2384	0.05405896	1.81693878
        2880	0.06530612	1.88224490
        2988	0.06775510	1.95000000
        3368	0.07637188	2.02637188
        3287	0.07453515	2.10090703
        2753	0.06242630	2.16333333
        1821	0.04129252	2.20462585
        2368	0.05369615	2.25832200
        2048	0.04643991	2.30476190
        3368	0.07637188	2.38113379
        3095	0.07018141	2.45131519
