Input file: /Users/xutianle/Desktop/Stimuli/Andrew_Raw_Sounds/BF Sound 4.wav	Stim Type: reg	Input length: 1657 samples
Target IOI: 0.0430 s	Actual Avg IOI: 0.04300 s (1896.00000 samp)
Interval StdDev: 0.00000 s (0.00000 samp)	Max deviation: 0.0500 s	Min std dev: 0.00001 s
Gap Noise:

Interval (samp)	Interval (s)	Start Time (s)
        1896	0.04299320	0.04299320
        1896	0.04299320	0.08598639
        1896	0.04299320	0.12897959
        1896	0.04299320	0.17197279
        1896	0.04299320	0.21496599
        1896	0.04299320	0.25795918
        1896	0.04299320	0.30095238
        1896	0.04299320	0.34394558
        1896	0.04299320	0.38693878
        1896	0.04299320	0.42993197
        1896	0.04299320	0.47292517
        1896	0.04299320	0.51591837
        1896	0.04299320	0.55891156
        1896	0.04299320	0.60190476
        1896	0.04299320	0.64489796
        1896	0.04299320	0.68789116
        1896	0.04299320	0.73088435
        1896	0.04299320	0.77387755
        1896	0.04299320	0.81687075
        1896	0.04299320	0.85986395
        1896	0.04299320	0.90285714
        1896	0.04299320	0.94585034
        1896	0.04299320	0.98884354
        1896	0.04299320	1.03183673
        1896	0.04299320	1.07482993
        1896	0.04299320	1.11782313
        1896	0.04299320	1.16081633
        1896	0.04299320	1.20380952
        1896	0.04299320	1.24680272
        1896	0.04299320	1.28979592
        1896	0.04299320	1.33278912
        1896	0.04299320	1.37578231
        1896	0.04299320	1.41877551
        1896	0.04299320	1.46176871
        1896	0.04299320	1.50476190
        1896	0.04299320	1.54775510
        1896	0.04299320	1.59074830
        1896	0.04299320	1.63374150
        1896	0.04299320	1.67673469
        1896	0.04299320	1.71972789
        1896	0.04299320	1.76272109
        1896	0.04299320	1.80571429
        1896	0.04299320	1.84870748
        1896	0.04299320	1.89170068
        1896	0.04299320	1.93469388
        1896	0.04299320	1.97768707
        1896	0.04299320	2.02068027
        1896	0.04299320	2.06367347
        1896	0.04299320	2.10666667
        1896	0.04299320	2.14965986
        1896	0.04299320	2.19265306
        1896	0.04299320	2.23564626
        1896	0.04299320	2.27863946
        1896	0.04299320	2.32163265
        1896	0.04299320	2.36462585
        1896	0.04299320	2.40761905
        1896	0.04299320	2.45061224
        1896	0.04299320	2.49360544
