Input file: /Users/xutianle/Desktop/Stimuli/Andrew_Raw_Sounds/BF Sound 4.wav	Stim Type: reg	Input length: 1657 samples
Target IOI: 0.0760 s	Actual Avg IOI: 0.07600 s (3352.00000 samp)
Interval StdDev: 0.00000 s (0.00000 samp)	Max deviation: 0.0500 s	Min std dev: 0.00001 s
Gap Noise:

Interval (samp)	Interval (s)	Start Time (s)
        3352	0.07600907	0.07600907
        3352	0.07600907	0.15201814
        3352	0.07600907	0.22802721
        3352	0.07600907	0.30403628
        3352	0.07600907	0.38004535
        3352	0.07600907	0.45605442
        3352	0.07600907	0.53206349
        3352	0.07600907	0.60807256
        3352	0.07600907	0.68408163
        3352	0.07600907	0.76009070
        3352	0.07600907	0.83609977
        3352	0.07600907	0.91210884
        3352	0.07600907	0.98811791
        3352	0.07600907	1.06412698
        3352	0.07600907	1.14013605
        3352	0.07600907	1.21614512
        3352	0.07600907	1.29215420
        3352	0.07600907	1.36816327
        3352	0.07600907	1.44417234
        3352	0.07600907	1.52018141
        3352	0.07600907	1.59619048
        3352	0.07600907	1.67219955
        3352	0.07600907	1.74820862
        3352	0.07600907	1.82421769
        3352	0.07600907	1.90022676
        3352	0.07600907	1.97623583
        3352	0.07600907	2.05224490
        3352	0.07600907	2.12825397
        3352	0.07600907	2.20426304
        3352	0.07600907	2.28027211
        3352	0.07600907	2.35628118
        3352	0.07600907	2.43229025
