Input file: /Users/xutianle/Desktop/Stimuli/Andrew_Raw_Sounds/BF Sound 4.wav	Stim Type: reg	Input length: 1657 samples
Target IOI: 0.0580 s	Actual Avg IOI: 0.05800 s (2558.00000 samp)
Interval StdDev: 0.00000 s (0.00000 samp)	Max deviation: 0.0500 s	Min std dev: 0.00001 s
Gap Noise:

Interval (samp)	Interval (s)	Start Time (s)
        2558	0.05800454	0.05800454
        2558	0.05800454	0.11600907
        2558	0.05800454	0.17401361
        2558	0.05800454	0.23201814
        2558	0.05800454	0.29002268
        2558	0.05800454	0.34802721
        2558	0.05800454	0.40603175
        2558	0.05800454	0.46403628
        2558	0.05800454	0.52204082
        2558	0.05800454	0.58004535
        2558	0.05800454	0.63804989
        2558	0.05800454	0.69605442
        2558	0.05800454	0.75405896
        2558	0.05800454	0.81206349
        2558	0.05800454	0.87006803
        2558	0.05800454	0.92807256
        2558	0.05800454	0.98607710
        2558	0.05800454	1.04408163
        2558	0.05800454	1.10208617
        2558	0.05800454	1.16009070
        2558	0.05800454	1.21809524
        2558	0.05800454	1.27609977
        2558	0.05800454	1.33410431
        2558	0.05800454	1.39210884
        2558	0.05800454	1.45011338
        2558	0.05800454	1.50811791
        2558	0.05800454	1.56612245
        2558	0.05800454	1.62412698
        2558	0.05800454	1.68213152
        2558	0.05800454	1.74013605
        2558	0.05800454	1.79814059
        2558	0.05800454	1.85614512
        2558	0.05800454	1.91414966
        2558	0.05800454	1.97215420
        2558	0.05800454	2.03015873
        2558	0.05800454	2.08816327
        2558	0.05800454	2.14616780
        2558	0.05800454	2.20417234
        2558	0.05800454	2.26217687
        2558	0.05800454	2.32018141
        2558	0.05800454	2.37818594
        2558	0.05800454	2.43619048
        2558	0.05800454	2.49419501
