Input file: /Users/xutianle/Desktop/Stimuli/Andrew_Raw_Sounds/BF Sound 4.wav	Stim Type: ir	Input length: 1657 samples
Target IOI: 0.0530 s	Actual Avg IOI: 0.05299 s (2337.00000 samp)
Interval StdDev: 0.01019 s (449.27875 samp)	Max deviation: 0.0500 s	Min std dev: 0.00001 s
Gap Noise:

Interval (samp)	Interval (s)	Start Time (s)
        1680	0.03809524	0.03809524
        1678	0.03804989	0.07614512
        1937	0.04392290	0.12006803
        1737	0.03938776	0.15945578
        1742	0.03950113	0.19895692
        2260	0.05124717	0.25020408
        2885	0.06541950	0.31562358
        2916	0.06612245	0.38174603
        2366	0.05365079	0.43539683
        2883	0.06537415	0.50077098
        1845	0.04183673	0.54260771
        2758	0.06253968	0.60514739
        1786	0.04049887	0.64564626
        2992	0.06784580	0.71349206
        2964	0.06721088	0.78070295
        2415	0.05476190	0.83546485
        2635	0.05975057	0.89521542
        1681	0.03811791	0.93333333
        2903	0.06582766	0.99916100
        1892	0.04290249	1.04206349
        1981	0.04492063	1.08698413
        1883	0.04269841	1.12968254
        2805	0.06360544	1.19328798
        2957	0.06705215	1.26034014
        2572	0.05832200	1.31866213
        2785	0.06315193	1.38181406
        2032	0.04607710	1.42789116
        1723	0.03907029	1.46696145
        2468	0.05596372	1.52292517
        2687	0.06092971	1.58385488
        2793	0.06333333	1.64718821
        1745	0.03956916	1.68675737
        2578	0.05845805	1.74521542
        1755	0.03979592	1.78501134
        2959	0.06709751	1.85210884
        2286	0.05183673	1.90394558
        2502	0.05673469	1.96068027
        2654	0.06018141	2.02086168
        2141	0.04854875	2.06941043
        1919	0.04351474	2.11292517
        2507	0.05684807	2.16977324
        2040	0.04625850	2.21603175
        2171	0.04922902	2.26526077
        2926	0.06634921	2.33160998
        2359	0.05349206	2.38510204
        2193	0.04972789	2.43482993
        2463	0.05585034	2.49068027
