Input file: /Users/xutianle/Desktop/Stimuli/Andrew_Raw_Sounds/BF Sound 4.wav	Stim Type: ir	Input length: 1657 samples
Target IOI: 0.0880 s	Actual Avg IOI: 0.08801 s (3881.03571 samp)
Interval StdDev: 0.02924 s (1289.45135 samp)	Max deviation: 0.0500 s	Min std dev: 0.00100 s
Gap Noise:

Interval (samp)	Interval (s)	Start Time (s)
        5614	0.12730159	0.12730159
        2480	0.05623583	0.18353741
        5569	0.12628118	0.30981859
        3195	0.07244898	0.38226757
        5105	0.11575964	0.49802721
        3360	0.07619048	0.57421769
        3504	0.07945578	0.65367347
        3315	0.07517007	0.72884354
        5123	0.11616780	0.84501134
        3660	0.08299320	0.92800454
        1677	0.03802721	0.96603175
        2616	0.05931973	1.02535147
        2343	0.05312925	1.07848073
        5156	0.11691610	1.19539683
        3877	0.08791383	1.28331066
        4659	0.10564626	1.38895692
        4580	0.10385488	1.49281179
        2770	0.06281179	1.55562358
        3985	0.09036281	1.64598639
        5527	0.12532880	1.77131519
        2703	0.06129252	1.83260771
        5072	0.11501134	1.94761905
        5082	0.11523810	2.06285714
        2954	0.06698413	2.12984127
        5079	0.11517007	2.24501134
        1773	0.04020408	2.28521542
        2172	0.04925170	2.33446712
        5719	0.12968254	2.46414966
