Input file: /Users/xutianle/Desktop/Stimuli/Andrew_Raw_Sounds/BF Sound 4.wav	Stim Type: reg	Input length: 1657 samples
Target IOI: 0.0890 s	Actual Avg IOI: 0.08900 s (3925.00000 samp)
Interval StdDev: 0.00000 s (0.00000 samp)	Max deviation: 0.0500 s	Min std dev: 0.00100 s
Gap Noise:

Interval (samp)	Interval (s)	Start Time (s)
        3925	0.08900227	0.08900227
        3925	0.08900227	0.17800454
        3925	0.08900227	0.26700680
        3925	0.08900227	0.35600907
        3925	0.08900227	0.44501134
        3925	0.08900227	0.53401361
        3925	0.08900227	0.62301587
        3925	0.08900227	0.71201814
        3925	0.08900227	0.80102041
        3925	0.08900227	0.89002268
        3925	0.08900227	0.97902494
        3925	0.08900227	1.06802721
        3925	0.08900227	1.15702948
        3925	0.08900227	1.24603175
        3925	0.08900227	1.33503401
        3925	0.08900227	1.42403628
        3925	0.08900227	1.51303855
        3925	0.08900227	1.60204082
        3925	0.08900227	1.69104308
        3925	0.08900227	1.78004535
        3925	0.08900227	1.86904762
        3925	0.08900227	1.95804989
        3925	0.08900227	2.04705215
        3925	0.08900227	2.13605442
        3925	0.08900227	2.22505669
        3925	0.08900227	2.31405896
        3925	0.08900227	2.40306122
        3925	0.08900227	2.49206349
