Input file: C:\Users\arouse01\Box\Finch Work\Stimuli\Base components\y8p78_2017_02_09_0014_s1.wav	Stim Type: irreg	Input length: 3295 samples	Target IOI: 0.0750 s	Actual Avg IOI: 0.07501 s (3308.03030 samp)
Interval StdDev: 0.00018 s (8.05638 samp)	Max deviation: 0.0500 s	Min std dev: 0.0001 s
Gap Noise: C:\Users\arouse01\Box\Finch Work\Stimuli\Base components\y8p78_2017_02_09_0014_n.wav

Interval (samp)	Interval (s)	Start Time (s)
        3303	0.07489796	0.07489796
        3316	0.07519274	0.15009070
        3303	0.07489796	0.22498866
        3302	0.07487528	0.29986395
        3318	0.07523810	0.37510204
        3302	0.07487528	0.44997732
        3312	0.07510204	0.52507937
        3306	0.07496599	0.60004535
        3295	0.07471655	0.67476190
        3299	0.07480726	0.74956916
        3314	0.07514739	0.82471655
        3299	0.07480726	0.89952381
        3295	0.07471655	0.97424036
        3305	0.07494331	1.04918367
        3302	0.07487528	1.12405896
        3313	0.07512472	1.19918367
        3304	0.07492063	1.27410431
        3299	0.07480726	1.34891156
        3313	0.07512472	1.42403628
        3307	0.07498866	1.49902494
        3317	0.07521542	1.57424036
        3314	0.07514739	1.64938776
        3315	0.07517007	1.72455782
        3309	0.07503401	1.79959184
        3320	0.07528345	1.87487528
        3315	0.07517007	1.95004535
        3301	0.07485261	2.02489796
        3296	0.07473923	2.09963719
        3300	0.07482993	2.17446712
        3320	0.07528345	2.24975057
        3312	0.07510204	2.32485261
        3319	0.07526077	2.40011338
        3320	0.07528345	2.47539683
