Input file: C:\Users\arouse01\Box\Finch Work\Stimuli\Base components\y8p78_2017_02_09_0014_s1.wav	Stim Type: irreg	Input length: 3295 samples	Target IOI: 0.0800 s	Actual Avg IOI: 0.08000 s (3527.96774 samp)
Interval StdDev: 0.00294 s (129.62934 samp)	Max deviation: 0.0500 s	Min std dev: 0.0010 s
Gap Noise: C:\Users\arouse01\Box\Finch Work\Stimuli\Base components\y8p78_2017_02_09_0014_n.wav

Interval (samp)	Interval (s)	Start Time (s)
        3465	0.07857143	0.07857143
        3632	0.08235828	0.16092971
        3635	0.08242630	0.24335601
        3295	0.07471655	0.31807256
        3546	0.08040816	0.39848073
        3465	0.07857143	0.47705215
        3434	0.07786848	0.55492063
        3662	0.08303855	0.63795918
        3561	0.08074830	0.71870748
        3337	0.07566893	0.79437642
        3475	0.07879819	0.87317460
        3757	0.08519274	0.95836735
        3616	0.08199546	1.04036281
        3701	0.08392290	1.12428571
        3353	0.07603175	1.20031746
        3692	0.08371882	1.28403628
        3359	0.07616780	1.36020408
        3494	0.07922902	1.43943311
        3536	0.08018141	1.51961451
        3638	0.08249433	1.60210884
        3607	0.08179138	1.68390023
        3521	0.07984127	1.76374150
        3523	0.07988662	1.84362812
        3761	0.08528345	1.92891156
        3409	0.07730159	2.00621315
        3483	0.07897959	2.08519274
        3410	0.07732426	2.16251701
        3444	0.07809524	2.24061224
        3606	0.08176871	2.32238095
        3638	0.08249433	2.40487528
        3312	0.07510204	2.47997732
