Input file: C:\Users\arouse01\Box\Finch Work\Stimuli\Base components\y8p78_2017_02_09_0014_s1.wav	Stim Type: irreg	Input length: 3295 samples	Target IOI: 0.0830 s	Actual Avg IOI: 0.08299 s (3660.00000 samp)
Interval StdDev: 0.00468 s (206.43960 samp)	Max deviation: 0.0500 s	Min std dev: 0.0010 s
Gap Noise: C:\Users\arouse01\Box\Finch Work\Stimuli\Base components\y8p78_2017_02_09_0014_n.wav

Interval (samp)	Interval (s)	Start Time (s)
        3919	0.08886621	0.08886621
        3922	0.08893424	0.17780045
        3467	0.07861678	0.25641723
        3539	0.08024943	0.33666667
        4022	0.09120181	0.42786848
        3847	0.08723356	0.51510204
        3813	0.08646259	0.60156463
        3525	0.07993197	0.68149660
        3325	0.07539683	0.75689342
        3700	0.08390023	0.84079365
        3630	0.08231293	0.92310658
        3740	0.08480726	1.00791383
        3662	0.08303855	1.09095238
        3695	0.08378685	1.17473923
        3627	0.08224490	1.25698413
        3345	0.07585034	1.33283447
        3707	0.08405896	1.41689342
        3566	0.08086168	1.49775510
        3305	0.07494331	1.57269841
        3437	0.07793651	1.65063492
        3909	0.08863946	1.73927438
        3521	0.07984127	1.81911565
        3624	0.08217687	1.90129252
        4001	0.09072562	1.99201814
        3884	0.08807256	2.08009070
        3618	0.08204082	2.16213152
        3549	0.08047619	2.24260771
        3303	0.07489796	2.31750567
        3830	0.08684807	2.40435374
        3768	0.08544218	2.48979592
