Input file: C:\Users\arouse01\Box\Finch Work\Stimuli\Base components\y8p78_2017_02_09_0014_s1.wav	Stim Type: reg	Input length: 3295 samples	Target IOI: 0.0790 s	Actual Avg IOI: 0.07900 s (3484.00000 samp)
Interval StdDev: 0.00000 s (0.00000 samp)	Max deviation: 0.0500 s	Min std dev: 0.0010 s
Gap Noise: C:\Users\arouse01\Box\Finch Work\Stimuli\Base components\y8p78_2017_02_09_0014_n.wav

Interval (samp)	Interval (s)	Start Time (s)
        3484	0.07900227	0.07900227
        3484	0.07900227	0.15800454
        3484	0.07900227	0.23700680
        3484	0.07900227	0.31600907
        3484	0.07900227	0.39501134
        3484	0.07900227	0.47401361
        3484	0.07900227	0.55301587
        3484	0.07900227	0.63201814
        3484	0.07900227	0.71102041
        3484	0.07900227	0.79002268
        3484	0.07900227	0.86902494
        3484	0.07900227	0.94802721
        3484	0.07900227	1.02702948
        3484	0.07900227	1.10603175
        3484	0.07900227	1.18503401
        3484	0.07900227	1.26403628
        3484	0.07900227	1.34303855
        3484	0.07900227	1.42204082
        3484	0.07900227	1.50104308
        3484	0.07900227	1.58004535
        3484	0.07900227	1.65904762
        3484	0.07900227	1.73804989
        3484	0.07900227	1.81705215
        3484	0.07900227	1.89605442
        3484	0.07900227	1.97505669
        3484	0.07900227	2.05405896
        3484	0.07900227	2.13306122
        3484	0.07900227	2.21206349
        3484	0.07900227	2.29106576
        3484	0.07900227	2.37006803
        3484	0.07900227	2.44907029
