Input file: C:\Users\arouse01\Box\Finch Work\Stimuli\Base components\y8p78_2017_02_09_0014_s1.wav	Stim Type: reg	Input length: 3295 samples	Target IOI: 0.0770 s	Actual Avg IOI: 0.07701 s (3396.00000 samp)
Interval StdDev: 0.00000 s (0.00000 samp)	Max deviation: 0.0500 s	Min std dev: 0.0010 s
Gap Noise: C:\Users\arouse01\Box\Finch Work\Stimuli\Base components\y8p78_2017_02_09_0014_n.wav

Interval (samp)	Interval (s)	Start Time (s)
        3396	0.07700680	0.07700680
        3396	0.07700680	0.15401361
        3396	0.07700680	0.23102041
        3396	0.07700680	0.30802721
        3396	0.07700680	0.38503401
        3396	0.07700680	0.46204082
        3396	0.07700680	0.53904762
        3396	0.07700680	0.61605442
        3396	0.07700680	0.69306122
        3396	0.07700680	0.77006803
        3396	0.07700680	0.84707483
        3396	0.07700680	0.92408163
        3396	0.07700680	1.00108844
        3396	0.07700680	1.07809524
        3396	0.07700680	1.15510204
        3396	0.07700680	1.23210884
        3396	0.07700680	1.30911565
        3396	0.07700680	1.38612245
        3396	0.07700680	1.46312925
        3396	0.07700680	1.54013605
        3396	0.07700680	1.61714286
        3396	0.07700680	1.69414966
        3396	0.07700680	1.77115646
        3396	0.07700680	1.84816327
        3396	0.07700680	1.92517007
        3396	0.07700680	2.00217687
        3396	0.07700680	2.07918367
        3396	0.07700680	2.15619048
        3396	0.07700680	2.23319728
        3396	0.07700680	2.31020408
        3396	0.07700680	2.38721088
        3396	0.07700680	2.46421769
