Input file: C:\Users\arouse01\Box\Finch Work\Stimuli\Base components\y8p78_2017_02_09_0014_s1.wav	Stim Type: reg	Input length: 3295 samples	Target IOI: 0.0780 s	Actual Avg IOI: 0.07800 s (3440.00000 samp)
Interval StdDev: 0.00000 s (0.00000 samp)	Max deviation: 0.0500 s	Min std dev: 0.0010 s
Gap Noise: C:\Users\arouse01\Box\Finch Work\Stimuli\Base components\y8p78_2017_02_09_0014_n.wav

Interval (samp)	Interval (s)	Start Time (s)
        3440	0.07800454	0.07800454
        3440	0.07800454	0.15600907
        3440	0.07800454	0.23401361
        3440	0.07800454	0.31201814
        3440	0.07800454	0.39002268
        3440	0.07800454	0.46802721
        3440	0.07800454	0.54603175
        3440	0.07800454	0.62403628
        3440	0.07800454	0.70204082
        3440	0.07800454	0.78004535
        3440	0.07800454	0.85804989
        3440	0.07800454	0.93605442
        3440	0.07800454	1.01405896
        3440	0.07800454	1.09206349
        3440	0.07800454	1.17006803
        3440	0.07800454	1.24807256
        3440	0.07800454	1.32607710
        3440	0.07800454	1.40408163
        3440	0.07800454	1.48208617
        3440	0.07800454	1.56009070
        3440	0.07800454	1.63809524
        3440	0.07800454	1.71609977
        3440	0.07800454	1.79410431
        3440	0.07800454	1.87210884
        3440	0.07800454	1.95011338
        3440	0.07800454	2.02811791
        3440	0.07800454	2.10612245
        3440	0.07800454	2.18412698
        3440	0.07800454	2.26213152
        3440	0.07800454	2.34013605
        3440	0.07800454	2.41814059
        3440	0.07800454	2.49614512
