Input file: C:\Users\arouse01\Box\Finch Work\Stimuli\Base components\y8p78_2017_02_09_0014_s1.wav	Stim Type: irreg	Input length: 3295 samples	Target IOI: 0.0770 s	Actual Avg IOI: 0.07701 s (3396.00000 samp)
Interval StdDev: 0.00144 s (63.40652 samp)	Max deviation: 0.0500 s	Min std dev: 0.0010 s
Gap Noise: C:\Users\arouse01\Box\Finch Work\Stimuli\Base components\y8p78_2017_02_09_0014_n.wav

Interval (samp)	Interval (s)	Start Time (s)
        3404	0.07718821	0.07718821
        3399	0.07707483	0.15426304
        3395	0.07698413	0.23124717
        3380	0.07664399	0.30789116
        3303	0.07489796	0.38278912
        3453	0.07829932	0.46108844
        3491	0.07916100	0.54024943
        3295	0.07471655	0.61496599
        3423	0.07761905	0.69258503
        3490	0.07913832	0.77172336
        3320	0.07528345	0.84700680
        3323	0.07535147	0.92235828
        3340	0.07573696	0.99809524
        3310	0.07505669	1.07315193
        3367	0.07634921	1.14950113
        3394	0.07696145	1.22646259
        3343	0.07580499	1.30226757
        3311	0.07507937	1.37734694
        3468	0.07863946	1.45598639
        3360	0.07619048	1.53217687
        3494	0.07922902	1.61140590
        3312	0.07510204	1.68650794
        3453	0.07829932	1.76480726
        3418	0.07750567	1.84231293
        3459	0.07843537	1.92074830
        3466	0.07859410	1.99934240
        3352	0.07600907	2.07535147
        3458	0.07841270	2.15376417
        3427	0.07770975	2.23147392
        3357	0.07612245	2.30759637
        3469	0.07866213	2.38625850
        3438	0.07795918	2.46421769
