Input file: C:\Users\arouse01\Box\Finch Work\Stimuli\Base components\y8p78_2017_02_09_0014_s1.wav	Stim Type: irreg	Input length: 3295 samples	Target IOI: 0.0790 s	Actual Avg IOI: 0.07900 s (3483.96774 samp)
Interval StdDev: 0.00229 s (101.08164 samp)	Max deviation: 0.0500 s	Min std dev: 0.0010 s
Gap Noise: C:\Users\arouse01\Box\Finch Work\Stimuli\Base components\y8p78_2017_02_09_0014_n.wav

Interval (samp)	Interval (s)	Start Time (s)
        3456	0.07836735	0.07836735
        3317	0.07521542	0.15358277
        3464	0.07854875	0.23213152
        3385	0.07675737	0.30888889
        3662	0.08303855	0.39192744
        3348	0.07591837	0.46784580
        3355	0.07607710	0.54392290
        3487	0.07907029	0.62299320
        3431	0.07780045	0.70079365
        3500	0.07936508	0.78015873
        3603	0.08170068	0.86185941
        3589	0.08138322	0.94324263
        3646	0.08267574	1.02591837
        3470	0.07868481	1.10460317
        3547	0.08043084	1.18503401
        3611	0.08188209	1.26691610
        3428	0.07773243	1.34464853
        3625	0.08219955	1.42684807
        3531	0.08006803	1.50691610
        3512	0.07963719	1.58655329
        3320	0.07528345	1.66183673
        3345	0.07585034	1.73768707
        3535	0.08015873	1.81784580
        3422	0.07759637	1.89544218
        3573	0.08102041	1.97646259
        3631	0.08233560	2.05879819
        3452	0.07827664	2.13707483
        3393	0.07693878	2.21401361
        3516	0.07972789	2.29374150
        3439	0.07798186	2.37172336
        3410	0.07732426	2.44904762
