Input file: C:\Users\arouse01\Box\Finch Work\Stimuli\Base components\y8p78_2017_02_09_0014_s1.wav	Stim Type: irreg	Input length: 3295 samples	Target IOI: 0.0810 s	Actual Avg IOI: 0.08100 s (3571.96667 samp)
Interval StdDev: 0.00281 s (123.95981 samp)	Max deviation: 0.0500 s	Min std dev: 0.0010 s
Gap Noise: C:\Users\arouse01\Box\Finch Work\Stimuli\Base components\y8p78_2017_02_09_0014_n.wav

Interval (samp)	Interval (s)	Start Time (s)
        3741	0.08482993	0.08482993
        3553	0.08056689	0.16539683
        3718	0.08430839	0.24970522
        3766	0.08539683	0.33510204
        3436	0.07791383	0.41301587
        3654	0.08285714	0.49587302
        3583	0.08124717	0.57712018
        3631	0.08233560	0.65945578
        3429	0.07775510	0.73721088
        3594	0.08149660	0.81870748
        3409	0.07730159	0.89600907
        3462	0.07850340	0.97451247
        3660	0.08299320	1.05750567
        3641	0.08256236	1.14006803
        3530	0.08004535	1.22011338
        3453	0.07829932	1.29841270
        3477	0.07884354	1.37725624
        3570	0.08095238	1.45820862
        3643	0.08260771	1.54081633
        3569	0.08092971	1.62174603
        3369	0.07639456	1.69814059
        3742	0.08485261	1.78299320
        3697	0.08383220	1.86682540
        3419	0.07752834	1.94435374
        3574	0.08104308	2.02539683
        3736	0.08471655	2.11011338
        3336	0.07564626	2.18575964
        3513	0.07965986	2.26541950
        3740	0.08480726	2.35022676
        3514	0.07968254	2.42990930
