Input file: C:\Users\arouse01\Box\Finch Work\Stimuli\Base components\y8p78_2017_02_09_0014_s1.wav	Stim Type: irreg	Input length: 3295 samples	Target IOI: 0.0760 s	Actual Avg IOI: 0.07601 s (3352.03125 samp)
Interval StdDev: 0.00081 s (35.54868 samp)	Max deviation: 0.0500 s	Min std dev: 0.0001 s
Gap Noise: C:\Users\arouse01\Box\Finch Work\Stimuli\Base components\y8p78_2017_02_09_0014_n.wav

Interval (samp)	Interval (s)	Start Time (s)
        3407	0.07725624	0.07725624
        3308	0.07501134	0.15226757
        3370	0.07641723	0.22868481
        3307	0.07498866	0.30367347
        3315	0.07517007	0.37884354
        3369	0.07639456	0.45523810
        3298	0.07478458	0.53002268
        3333	0.07557823	0.60560091
        3345	0.07585034	0.68145125
        3353	0.07603175	0.75748299
        3314	0.07514739	0.83263039
        3383	0.07671202	0.90934240
        3327	0.07544218	0.98478458
        3399	0.07707483	1.06185941
        3378	0.07659864	1.13845805
        3397	0.07702948	1.21548753
        3406	0.07723356	1.29272109
        3381	0.07666667	1.36938776
        3316	0.07519274	1.44458050
        3363	0.07625850	1.52083900
        3401	0.07712018	1.59795918
        3350	0.07596372	1.67392290
        3331	0.07553288	1.74945578
        3343	0.07580499	1.82526077
        3295	0.07471655	1.89997732
        3302	0.07487528	1.97485261
        3332	0.07555556	2.05040816
        3354	0.07605442	2.12646259
        3327	0.07544218	2.20190476
        3394	0.07696145	2.27886621
        3396	0.07700680	2.35587302
        3371	0.07643991	2.43231293
