Input file: C:\Users\arouse01\Box\Finch Work\Stimuli\Base components\y8p78_2017_02_09_0014_s1.wav	Stim Type: reg	Input length: 3295 samples	Target IOI: 0.0820 s	Actual Avg IOI: 0.08200 s (3616.00000 samp)
Interval StdDev: 0.00000 s (0.00000 samp)	Max deviation: 0.0500 s	Min std dev: 0.0010 s
Gap Noise: C:\Users\arouse01\Box\Finch Work\Stimuli\Base components\y8p78_2017_02_09_0014_n.wav

Interval (samp)	Interval (s)	Start Time (s)
        3616	0.08199546	0.08199546
        3616	0.08199546	0.16399093
        3616	0.08199546	0.24598639
        3616	0.08199546	0.32798186
        3616	0.08199546	0.40997732
        3616	0.08199546	0.49197279
        3616	0.08199546	0.57396825
        3616	0.08199546	0.65596372
        3616	0.08199546	0.73795918
        3616	0.08199546	0.81995465
        3616	0.08199546	0.90195011
        3616	0.08199546	0.98394558
        3616	0.08199546	1.06594104
        3616	0.08199546	1.14793651
        3616	0.08199546	1.22993197
        3616	0.08199546	1.31192744
        3616	0.08199546	1.39392290
        3616	0.08199546	1.47591837
        3616	0.08199546	1.55791383
        3616	0.08199546	1.63990930
        3616	0.08199546	1.72190476
        3616	0.08199546	1.80390023
        3616	0.08199546	1.88589569
        3616	0.08199546	1.96789116
        3616	0.08199546	2.04988662
        3616	0.08199546	2.13188209
        3616	0.08199546	2.21387755
        3616	0.08199546	2.29587302
        3616	0.08199546	2.37786848
        3616	0.08199546	2.45986395
