Input file: C:\Users\arouse01\Box\Finch Work\Stimuli\Base components\y8p78_2017_02_09_0014_s1.wav	Stim Type: irreg	Input length: 3295 samples	Target IOI: 0.0820 s	Actual Avg IOI: 0.08200 s (3616.00000 samp)
Interval StdDev: 0.00385 s (169.62331 samp)	Max deviation: 0.0500 s	Min std dev: 0.0010 s
Gap Noise: C:\Users\arouse01\Box\Finch Work\Stimuli\Base components\y8p78_2017_02_09_0014_n.wav

Interval (samp)	Interval (s)	Start Time (s)
        3463	0.07852608	0.07852608
        3519	0.07979592	0.15832200
        3681	0.08346939	0.24179138
        3872	0.08780045	0.32959184
        3598	0.08158730	0.41117914
        3722	0.08439909	0.49557823
        3454	0.07832200	0.57390023
        3770	0.08548753	0.65938776
        3575	0.08106576	0.74045351
        3804	0.08625850	0.82671202
        3583	0.08124717	0.90795918
        3615	0.08197279	0.98993197
        3898	0.08839002	1.07832200
        3806	0.08630385	1.16462585
        3563	0.08079365	1.24541950
        3513	0.07965986	1.32507937
        3379	0.07662132	1.40170068
        3688	0.08362812	1.48532880
        3720	0.08435374	1.56968254
        3304	0.07492063	1.64460317
        3416	0.07746032	1.72206349
        3505	0.07947846	1.80154195
        3356	0.07609977	1.87764172
        3416	0.07746032	1.95510204
        3468	0.07863946	2.03374150
        3567	0.08088435	2.11462585
        3785	0.08582766	2.20045351
        3864	0.08761905	2.28807256
        3797	0.08609977	2.37417234
        3779	0.08569161	2.45986395
