Input file: C:\Users\arouse01\Box\Finch Work\Stimuli\Base components\y8p78_2017_02_09_0014_s1.wav	Stim Type: irreg	Input length: 3295 samples	Target IOI: 0.0780 s	Actual Avg IOI: 0.07800 s (3440.00000 samp)
Interval StdDev: 0.00188 s (83.12253 samp)	Max deviation: 0.0500 s	Min std dev: 0.0010 s
Gap Noise: C:\Users\arouse01\Box\Finch Work\Stimuli\Base components\y8p78_2017_02_09_0014_n.wav

Interval (samp)	Interval (s)	Start Time (s)
        3552	0.08054422	0.08054422
        3372	0.07646259	0.15700680
        3486	0.07904762	0.23605442
        3418	0.07750567	0.31356009
        3565	0.08083900	0.39439909
        3464	0.07854875	0.47294785
        3354	0.07605442	0.54900227
        3323	0.07535147	0.62435374
        3488	0.07909297	0.70344671
        3332	0.07555556	0.77900227
        3577	0.08111111	0.86011338
        3449	0.07820862	0.93832200
        3503	0.07943311	1.01775510
        3538	0.08022676	1.09798186
        3424	0.07764172	1.17562358
        3387	0.07680272	1.25242630
        3416	0.07746032	1.32988662
        3346	0.07587302	1.40575964
        3319	0.07526077	1.48102041
        3429	0.07775510	1.55877551
        3350	0.07596372	1.63473923
        3354	0.07605442	1.71079365
        3368	0.07637188	1.78716553
        3437	0.07793651	1.86510204
        3548	0.08045351	1.94555556
        3511	0.07961451	2.02517007
        3571	0.08097506	2.10614512
        3497	0.07929705	2.18544218
        3561	0.08074830	2.26619048
        3370	0.07641723	2.34260771
        3396	0.07700680	2.41961451
        3375	0.07653061	2.49614512
